% time	cellId	IMSI	frame	sframe	RNTI	mcsTb1	sizeTb1	mcsTb2	sizeTb2	ccId
0.211	1	5	22	2	1	28	2196	0	0	0
0.212	1	2	22	3	7	22	1383	0	0	0
0.213	1	3	22	4	3	10	193	0	0	0
0.213	1	4	22	4	8	12	349	0	0	0
0.214	1	6	22	5	4	0	81	0	0	0
0.215	1	1	22	6	2	0	81	0	0	0
0.216	1	3	22	7	3	10	357	0	0	0
0.216	1	6	22	7	4	6	75	0	0	0
0.217	1	6	22	8	4	4	32	0	0	0
0.217	1	2	22	8	7	26	301	0	0	0
0.217	1	4	22	8	8	12	405	0	0	0
0.218	1	3	22	9	3	12	349	0	0	0
0.218	1	6	22	9	4	6	75	0	0	0
0.218	1	4	22	9	8	14	125	0	0	0
0.219	1	3	22	10	3	12	47	0	0	0
0.219	1	6	22	10	4	4	87	0	0	0
0.219	1	4	22	10	8	12	301	0	0	0
0.22	1	3	23	1	3	12	253	0	0	0
0.22	1	6	23	1	4	8	101	0	0	0
0.22	1	4	23	1	8	14	253	0	0	0
0.221	1	1	23	2	2	0	32	0	0	0
0.221	1	3	23	2	3	14	193	0	0	0
0.221	1	6	23	2	4	8	101	0	0	0
0.221	1	4	23	2	8	16	75	0	0	0
0.222	1	3	23	3	3	14	253	0	0	0
0.222	1	6	23	3	4	8	101	0	0	0
0.222	1	4	23	3	8	14	317	0	0	0
0.223	1	1	23	4	2	0	61	0	0	0
0.223	1	6	23	4	4	8	101	0	0	0
0.224	1	1	23	5	2	0	32	0	0	0
0.224	1	6	23	5	4	6	185	0	0	0
0.225	1	1	23	6	2	0	32	0	0	0
0.225	1	6	23	6	4	6	185	0	0	0
0.226	1	1	23	7	2	0	32	0	0	0
0.226	1	6	23	7	4	6	185	0	0	0
0.227	1	1	23	8	2	0	32	0	0	0
0.227	1	6	23	8	4	6	185	0	0	0
0.228	1	1	23	9	2	0	32	0	0	0
0.228	1	6	23	9	4	8	241	0	0	0
0.229	1	1	23	10	2	0	81	0	0	0
0.23	1	1	24	1	2	0	81	0	0	0
0.231	1	1	24	2	2	0	81	0	0	0
0.232	1	1	24	3	2	0	81	0	0	0
0.233	1	1	24	4	2	0	81	0	0	0
0.234	1	1	24	5	2	0	81	0	0	0
0.235	1	1	24	6	2	0	32	0	0	0
0.235	1	2	24	6	7	28	1287	0	0	0
0.236	1	1	24	7	2	0	81	0	0	0
0.237	1	1	24	8	2	0	81	0	0	0
0.238	1	1	24	9	2	0	81	0	0	0
0.239	1	5	24	10	1	28	1287	0	0	0
0.239	1	1	24	10	2	2	53	0	0	0
0.24	1	1	25	1	2	0	81	0	0	0
0.241	1	1	25	2	2	0	81	0	0	0
0.242	1	1	25	3	2	0	81	0	0	0
0.243	1	1	25	4	2	0	81	0	0	0
0.244	1	1	25	5	2	0	32	0	0	0
0.244	1	2	25	5	7	28	1287	0	0	0
0.245	1	1	25	6	2	0	81	0	0	0
0.246	1	1	25	7	2	0	81	0	0	0
0.247	1	1	25	8	2	0	81	0	0	0
0.248	1	5	25	9	1	28	1095	0	0	0
0.248	1	1	25	9	2	2	65	0	0	0
0.249	1	1	25	10	2	0	81	0	0	0
0.25	1	1	26	1	2	0	81	0	0	0
0.251	1	3	26	2	3	14	61	0	0	0
0.251	1	6	26	2	4	16	309	0	0	0
0.251	1	4	26	2	8	16	533	0	0	0
0.252	1	3	26	3	3	14	317	0	0	0
0.252	1	6	26	3	4	16	389	0	0	0
0.252	1	4	26	3	8	18	161	0	0	0
0.253	1	3	26	4	3	14	125	0	0	0
0.253	1	6	26	4	4	18	241	0	0	0
0.253	1	4	26	4	8	18	573	0	0	0
0.254	1	3	26	5	3	14	317	0	0	0
0.254	1	6	26	5	4	16	389	0	0	0
0.254	1	4	26	5	8	18	161	0	0	0
0.255	1	3	26	6	3	14	317	0	0	0
0.255	1	6	26	6	4	16	389	0	0	0
0.255	1	4	26	6	8	18	161	0	0	0
0.256	1	3	26	7	3	14	61	0	0	0
0.256	1	6	26	7	4	18	325	0	0	0
0.256	1	4	26	7	8	16	533	0	0	0
0.257	1	3	26	8	3	14	253	0	0	0
0.257	1	6	26	8	4	18	325	0	0	0
0.257	1	4	26	8	8	18	325	0	0	0
0.258	1	1	26	9	2	10	117	0	0	0
0.258	1	3	26	9	3	14	253	0	0	0
0.258	1	6	26	9	4	18	79	0	0	0
0.258	1	4	26	9	8	18	325	0	0	0
0.259	1	1	26	10	2	10	117	0	0	0
0.259	1	3	26	10	3	14	253	0	0	0
0.259	1	6	26	10	4	16	225	0	0	0
0.259	1	4	26	10	8	18	161	0	0	0
0.26	1	1	27	1	2	10	117	0	0	0
0.26	1	3	27	1	3	14	125	0	0	0
0.26	1	6	27	1	4	14	61	0	0	0
0.26	1	4	27	1	8	18	485	0	0	0
0.261	1	1	27	2	2	8	137	0	0	0
0.261	1	3	27	2	3	14	125	0	0	0
0.261	1	6	27	2	4	14	389	0	0	0
0.262	1	1	27	3	2	8	173	0	0	0
0.262	1	3	27	3	3	10	277	0	0	0
0.263	1	1	27	4	2	8	173	0	0	0
0.263	1	3	27	4	3	10	277	0	0	0
0.264	1	1	27	5	2	8	173	0	0	0
0.264	1	3	27	5	3	10	277	0	0	0
0.265	1	1	27	6	2	8	173	0	0	0
0.265	1	3	27	6	3	10	277	0	0	0
0.266	1	1	27	7	2	4	125	0	0	0
0.266	1	2	27	7	7	28	935	0	0	0
0.267	1	5	27	8	1	28	935	0	0	0
0.267	1	1	27	8	2	4	125	0	0	0
0.268	1	1	27	9	2	4	125	0	0	0
0.268	1	2	27	9	7	28	935	0	0	0
0.269	1	5	27	10	1	28	935	0	0	0
0.269	1	1	27	10	2	4	125	0	0	0
0.27	1	1	28	1	2	0	81	0	0	0
0.271	1	1	28	2	2	4	125	0	0	0
0.271	1	2	28	2	7	28	935	0	0	0
0.272	1	5	28	3	1	28	935	0	0	0
0.272	1	1	28	3	2	4	125	0	0	0
0.273	1	1	28	4	2	4	125	0	0	0
0.273	1	2	28	4	7	28	935	0	0	0
0.274	1	5	28	5	1	28	749	0	0	0
0.274	1	1	28	5	2	2	87	0	0	0
0.275	1	1	28	6	2	0	81	0	0	0
0.276	1	1	28	7	2	0	81	0	0	0
0.277	1	1	28	8	2	0	81	0	0	0
0.278	1	1	28	9	2	0	81	0	0	0
0.279	1	1	28	10	2	0	81	0	0	0
0.28	1	1	29	1	2	0	81	0	0	0
0.281	1	1	29	2	2	0	81	0	0	0
0.282	1	1	29	3	2	0	81	0	0	0
0.283	1	1	29	4	2	0	81	0	0	0
0.284	1	1	29	5	2	0	81	0	0	0
0.285	1	1	29	6	2	0	81	0	0	0
0.286	1	1	29	7	2	0	81	0	0	0
0.287	1	1	29	8	2	0	81	0	0	0
0.288	1	1	29	9	2	0	81	0	0	0
0.289	1	1	29	10	2	0	81	0	0	0
0.29	1	1	30	1	2	0	81	0	0	0
0.291	1	6	30	2	4	14	717	0	0	0
0.291	1	4	30	2	8	14	61	0	0	0
0.292	1	6	30	3	4	16	389	0	0	0
0.292	1	4	30	3	8	14	453	0	0	0
0.293	1	6	30	4	4	16	389	0	0	0
0.293	1	4	30	4	8	14	453	0	0	0
0.294	1	6	30	5	4	16	389	0	0	0
0.294	1	4	30	5	8	14	453	0	0	0
0.295	1	6	30	6	4	16	389	0	0	0
0.295	1	4	30	6	8	14	453	0	0	0
0.296	1	6	30	7	4	14	573	0	0	0
0.296	1	4	30	7	8	14	193	0	0	0
0.297	1	1	30	8	2	10	37	0	0	0
0.297	1	6	30	8	4	14	253	0	0	0
0.297	1	4	30	8	8	14	453	0	0	0
0.298	1	1	30	9	2	8	101	0	0	0
0.298	1	4	30	9	8	12	453	0	0	0
0.299	1	1	30	10	2	8	101	0	0	0
0.299	1	4	30	10	8	12	453	0	0	0
0.3	1	1	31	1	2	2	87	0	0	0
0.3	1	3	31	1	3	2	41	0	0	0
0.301	1	1	31	2	2	2	87	0	0	0
0.301	1	3	31	2	3	2	41	0	0	0
0.302	1	1	31	3	2	2	87	0	0	0
0.302	1	3	31	3	3	2	41	0	0	0
0.303	1	1	31	4	2	2	87	0	0	0
0.303	1	3	31	4	3	2	41	0	0	0
0.304	1	1	31	5	2	2	53	0	0	0
0.304	1	3	31	5	3	2	77	0	0	0
0.305	1	1	31	6	2	2	87	0	0	0
0.305	1	3	31	6	3	2	41	0	0	0
0.306	1	1	31	7	2	2	53	0	0	0
0.306	1	3	31	7	3	2	77	0	0	0
0.307	1	1	31	8	2	2	53	0	0	0
0.307	1	3	31	8	3	2	77	0	0	0
0.308	1	1	31	9	2	2	65	0	0	0
0.308	1	3	31	9	3	4	105	0	0	0
0.309	1	1	31	10	2	2	65	0	0	0
0.309	1	3	31	10	3	4	105	0	0	0
0.31	1	1	32	1	2	2	65	0	0	0
0.31	1	3	32	1	3	4	105	0	0	0
0.311	1	2	32	2	7	28	2196	0	0	0
0.312	1	5	32	3	1	28	2196	0	0	0
0.313	1	3	32	4	3	12	47	0	0	0
0.313	1	2	32	4	7	28	2052	0	0	0
0.314	1	5	32	5	1	28	2052	0	0	0
0.314	1	3	32	5	3	12	47	0	0	0
0.315	1	1	32	6	2	2	41	0	0	0
0.315	1	3	32	6	3	2	87	0	0	0
0.316	1	1	32	7	2	2	32	0	0	0
0.316	1	3	32	7	3	0	61	0	0	0
0.317	1	1	32	8	2	2	32	0	0	0
0.317	1	3	32	8	3	0	61	0	0	0
0.318	1	1	32	9	2	2	32	0	0	0
0.318	1	3	32	9	3	0	61	0	0	0
0.319	1	1	32	10	2	2	32	0	0	0
0.319	1	3	32	10	3	0	61	0	0	0
0.32	1	1	33	1	2	2	22	0	0	0
0.32	1	3	33	1	3	0	67	0	0	0
0.321	1	1	33	2	2	2	22	0	0	0
0.321	1	3	33	2	3	0	67	0	0	0
0.322	1	1	33	3	2	2	22	0	0	0
0.322	1	3	33	3	3	0	67	0	0	0
0.323	1	1	33	4	2	2	22	0	0	0
0.323	1	3	33	4	3	0	67	0	0	0
0.324	1	1	33	5	2	2	22	0	0	0
0.324	1	3	33	5	3	0	67	0	0	0
0.325	1	1	33	6	2	2	22	0	0	0
0.325	1	3	33	6	3	0	67	0	0	0
0.326	1	1	33	7	2	2	22	0	0	0
0.326	1	3	33	7	3	0	67	0	0	0
0.327	1	1	33	8	2	2	22	0	0	0
0.327	1	3	33	8	3	0	67	0	0	0
0.328	1	1	33	9	2	2	22	0	0	0
0.328	1	3	33	9	3	0	67	0	0	0
0.329	1	1	33	10	2	2	22	0	0	0
0.329	1	3	33	10	3	0	67	0	0	0
0.33	1	1	34	1	2	2	32	0	0	0
0.33	1	3	34	1	3	0	61	0	0	0
0.331	1	3	34	2	3	6	75	0	0	0
0.331	1	4	34	2	8	16	693	0	0	0
0.332	1	3	34	3	3	6	75	0	0	0
0.332	1	4	34	3	8	16	693	0	0	0
0.333	1	3	34	4	3	6	101	0	0	0
0.333	1	4	34	4	8	16	621	0	0	0
0.334	1	3	34	5	3	6	101	0	0	0
0.334	1	4	34	5	8	16	621	0	0	0
0.335	1	3	34	6	3	6	75	0	0	0
0.335	1	4	34	6	8	18	749	0	0	0
0.336	1	1	34	7	2	2	53	0	0	0
0.336	1	3	34	7	3	2	65	0	0	0
0.336	1	6	34	7	4	4	15	0	0	0
0.337	1	1	34	8	2	2	53	0	0	0
0.337	1	3	34	8	3	2	65	0	0	0
0.337	1	6	34	8	4	4	15	0	0	0
0.338	1	1	34	9	2	2	53	0	0	0
0.338	1	3	34	9	3	4	105	0	0	0
0.338	1	6	34	9	4	6	22	0	0	0
0.339	1	1	34	10	2	2	53	0	0	0
0.339	1	3	34	10	3	4	105	0	0	0
0.339	1	6	34	10	4	6	22	0	0	0
0.34	1	1	35	1	2	4	87	0	0	0
0.34	1	3	35	1	3	4	87	0	0	0
0.34	1	6	35	1	4	6	49	0	0	0
0.341	1	1	35	2	2	4	87	0	0	0
0.341	1	3	35	2	3	4	87	0	0	0
0.341	1	6	35	2	4	6	49	0	0	0
0.342	1	1	35	3	2	4	87	0	0	0
0.342	1	3	35	3	3	4	87	0	0	0
0.342	1	6	35	3	4	8	67	0	0	0
0.343	1	1	35	4	2	4	87	0	0	0
0.343	1	3	35	4	3	4	87	0	0	0
0.343	1	6	35	4	4	8	67	0	0	0
0.344	1	1	35	5	2	4	125	0	0	0
0.344	1	3	35	5	3	4	69	0	0	0
0.344	1	6	35	5	4	8	32	0	0	0
0.345	1	1	35	6	2	4	125	0	0	0
0.345	1	3	35	6	3	4	69	0	0	0
0.345	1	6	35	6	4	8	32	0	0	0
0.346	1	1	35	7	2	4	141	0	0	0
0.346	1	3	35	7	3	4	51	0	0	0
0.346	1	6	35	7	4	8	32	0	0	0
0.347	1	1	35	8	2	4	141	0	0	0
0.347	1	3	35	8	3	4	51	0	0	0
0.347	1	6	35	8	4	8	32	0	0	0
0.348	1	1	35	9	2	4	141	0	0	0
0.348	1	3	35	9	3	6	75	0	0	0
0.348	1	6	35	9	4	10	37	0	0	0
0.349	1	1	35	10	2	4	141	0	0	0
0.349	1	3	35	10	3	6	75	0	0	0
0.349	1	6	35	10	4	10	37	0	0	0
0.35	1	1	36	1	2	4	141	0	0	0
0.35	1	3	36	1	3	6	75	0	0	0
0.35	1	6	36	1	4	12	47	0	0	0
0.351	1	2	36	2	7	28	2196	0	0	0
0.352	1	5	36	3	1	28	1836	0	0	0
0.352	1	6	36	3	4	14	125	0	0	0
0.353	1	5	36	4	1	28	935	0	0	0
0.353	1	6	36	4	4	12	349	0	0	0
0.354	1	6	36	5	4	12	405	0	0	0
0.354	1	2	36	5	7	28	749	0	0	0
0.355	1	5	36	6	1	28	749	0	0	0
0.355	1	6	36	6	4	12	405	0	0	0
0.356	1	6	36	7	4	12	349	0	0	0
0.356	1	2	36	7	7	28	935	0	0	0
0.357	1	1	36	8	2	8	137	0	0	0
0.357	1	6	36	8	4	12	405	0	0	0
0.358	1	1	36	9	2	8	137	0	0	0
0.358	1	6	36	9	4	14	517	0	0	0
0.359	1	1	36	10	2	8	137	0	0	0
0.359	1	6	36	10	4	14	517	0	0	0
0.36	1	1	37	1	2	8	137	0	0	0
0.36	1	3	37	1	3	10	77	0	0	0
0.36	1	6	37	1	4	14	389	0	0	0
0.361	1	1	37	2	2	8	137	0	0	0
0.361	1	3	37	2	3	10	77	0	0	0
0.361	1	6	37	2	4	14	389	0	0	0
0.362	1	1	37	3	2	8	137	0	0	0
0.362	1	3	37	3	3	10	77	0	0	0
0.362	1	6	37	3	4	14	389	0	0	0
0.363	1	1	37	4	2	8	241	0	0	0
0.363	1	3	37	4	3	8	173	0	0	0
0.364	1	1	37	5	2	8	173	0	0	0
0.364	1	3	37	5	3	8	241	0	0	0
0.365	1	1	37	6	2	8	173	0	0	0
0.365	1	3	37	6	3	8	241	0	0	0
0.366	1	1	37	7	2	8	241	0	0	0
0.366	1	3	37	7	3	8	173	0	0	0
0.367	1	1	37	8	2	8	173	0	0	0
0.367	1	3	37	8	3	8	241	0	0	0
0.368	1	1	37	9	2	8	209	0	0	0
0.368	1	3	37	9	3	10	233	0	0	0
0.369	1	1	37	10	2	8	209	0	0	0
0.369	1	3	37	10	3	10	233	0	0	0
0.37	1	1	38	1	2	8	173	0	0	0
0.37	1	3	38	1	3	10	277	0	0	0
0.371	1	3	38	2	3	10	117	0	0	0
0.371	1	4	38	2	8	24	1191	0	0	0
0.372	1	3	38	3	3	12	201	0	0	0
0.372	1	4	38	3	8	24	1063	0	0	0
0.373	1	3	38	4	3	12	201	0	0	0
0.373	1	4	38	4	8	24	1063	0	0	0
0.374	1	1	38	5	2	8	101	0	0	0
0.374	1	3	38	5	3	10	357	0	0	0
0.375	1	1	38	6	2	8	101	0	0	0
0.375	1	3	38	6	3	10	357	0	0	0
0.376	1	1	38	7	2	8	101	0	0	0
0.376	1	3	38	7	3	10	357	0	0	0
0.377	1	1	38	8	2	8	137	0	0	0
0.377	1	3	38	8	3	12	405	0	0	0
0.378	1	1	38	9	2	8	137	0	0	0
0.378	1	3	38	9	3	12	405	0	0	0
0.379	1	1	38	10	2	8	137	0	0	0
0.379	1	3	38	10	3	12	405	0	0	0
0.38	1	1	39	1	2	8	101	0	0	0
0.38	1	3	39	1	3	12	453	0	0	0
0.381	1	1	39	2	2	8	101	0	0	0
0.381	1	3	39	2	3	12	453	0	0	0
0.382	1	1	39	3	2	10	37	0	0	0
0.382	1	3	39	3	3	12	549	0	0	0
0.383	1	1	39	4	2	2	133	0	0	0
0.384	1	1	39	5	2	2	133	0	0	0
0.385	1	1	39	6	2	2	133	0	0	0
0.386	1	1	39	7	2	2	133	0	0	0
0.387	1	1	39	8	2	2	133	0	0	0
0.388	1	1	39	9	2	2	133	0	0	0
0.389	1	1	39	10	2	2	133	0	0	0
0.39	1	1	40	1	2	2	133	0	0	0
0.391	1	5	40	2	1	28	2196	0	0	0
0.392	1	2	40	3	7	28	2196	0	0	0
0.393	1	5	40	4	1	28	2196	0	0	0
0.394	1	2	40	5	7	28	2196	0	0	0
0.395	1	6	40	6	4	14	775	0	0	0
0.396	1	6	40	7	4	14	775	0	0	0
0.397	1	6	40	8	4	14	775	0	0	0
0.398	1	6	40	9	4	14	775	0	0	0
0.399	1	1	40	10	2	4	217	0	0	0
0.4	1	1	41	1	2	4	217	0	0	0
0.401	1	1	41	2	2	4	217	0	0	0
0.402	1	1	41	3	2	6	309	0	0	0
0.403	1	1	41	4	2	6	309	0	0	0
0.404	1	1	41	5	2	6	309	0	0	0
0.405	1	1	41	6	2	6	309	0	0	0
0.406	1	1	41	7	2	6	309	0	0	0
0.407	1	1	41	8	2	6	309	0	0	0
0.408	1	1	41	9	2	6	309	0	0	0
0.409	1	3	41	10	3	18	325	0	0	0
0.409	1	4	41	10	8	22	935	0	0	0
0.41	1	3	42	1	3	18	325	0	0	0
0.41	1	4	42	1	8	22	935	0	0	0
0.411	1	3	42	2	3	18	967	0	0	0
0.412	1	3	42	3	3	18	967	0	0	0
0.413	1	3	42	4	3	18	967	0	0	0
0.414	1	5	42	5	1	28	2196	0	0	0
0.415	1	2	42	6	7	28	2196	0	0	0
0.416	1	6	42	7	4	16	693	0	0	0
0.416	1	4	42	7	8	18	241	0	0	0
0.417	1	6	42	8	4	16	693	0	0	0
0.417	1	4	42	8	8	18	241	0	0	0
0.418	1	6	42	9	4	16	693	0	0	0
0.418	1	4	42	9	8	18	241	0	0	0
0.419	1	4	42	10	8	16	903	0	0	0
0.42	1	1	43	1	2	4	217	0	0	0
0.421	1	1	43	2	2	4	217	0	0	0
0.422	1	1	43	3	2	4	217	0	0	0
0.423	1	1	43	4	2	4	217	0	0	0
0.424	1	1	43	5	2	4	217	0	0	0
0.425	1	1	43	6	2	4	217	0	0	0
0.426	1	1	43	7	2	4	217	0	0	0
0.427	1	1	43	8	2	4	217	0	0	0
0.431	1	5	44	2	1	28	2196	0	0	0
0.432	1	2	44	3	7	28	2196	0	0	0
0.433	1	3	44	4	3	18	967	0	0	0
0.434	1	3	44	5	3	18	807	0	0	0
0.434	1	4	44	5	8	20	193	0	0	0
0.435	1	1	44	6	2	12	201	0	0	0
0.435	1	6	44	6	4	12	253	0	0	0
0.435	1	4	44	6	8	14	193	0	0	0
0.436	1	1	44	7	2	12	201	0	0	0
0.436	1	6	44	7	4	12	253	0	0	0
0.436	1	4	44	7	8	14	193	0	0	0
0.437	1	1	44	8	2	12	201	0	0	0
0.437	1	6	44	8	4	12	301	0	0	0
0.437	1	4	44	8	8	14	125	0	0	0
0.438	1	1	44	9	2	12	253	0	0	0
0.438	1	6	44	9	4	12	301	0	0	0
0.438	1	4	44	9	8	14	61	0	0	0
0.439	1	1	44	10	2	12	253	0	0	0
0.439	1	6	44	10	4	12	301	0	0	0
0.439	1	4	44	10	8	14	61	0	0	0
0.44	1	1	45	1	2	12	253	0	0	0
0.44	1	6	45	1	4	12	301	0	0	0
0.44	1	4	45	1	8	14	61	0	0	0
0.441	1	1	45	2	2	6	261	0	0	0
0.441	1	4	45	2	8	6	49	0	0	0
0.442	1	4	45	3	8	0	81	0	0	0
0.443	1	4	45	4	8	0	81	0	0	0
0.444	1	4	45	5	8	0	81	0	0	0
0.445	1	4	45	6	8	0	81	0	0	0
0.446	1	4	45	7	8	0	81	0	0	0
0.447	1	4	45	8	8	0	81	0	0	0
0.448	1	4	45	9	8	0	81	0	0	0
0.449	1	4	45	10	8	0	81	0	0	0
0.451	1	5	46	2	1	28	2196	0	0	0
0.452	1	2	46	3	7	28	2196	0	0	0
0.453	1	1	46	4	2	14	193	0	0	0
0.453	1	3	46	4	3	18	749	0	0	0
0.454	1	1	46	5	2	14	193	0	0	0
0.454	1	3	46	5	3	18	749	0	0	0
0.455	1	1	46	6	2	12	149	0	0	0
0.455	1	3	46	6	3	18	325	0	0	0
0.455	1	6	46	6	4	14	193	0	0	0
0.455	1	4	46	6	8	16	153	0	0	0
0.456	1	1	46	7	2	10	277	0	0	0
0.456	1	6	46	7	4	12	97	0	0	0
0.456	1	4	46	7	8	12	149	0	0	0
0.457	1	1	46	8	2	10	277	0	0	0
0.457	1	6	46	8	4	12	97	0	0	0
0.457	1	4	46	8	8	12	149	0	0	0
0.458	1	1	46	9	2	10	277	0	0	0
0.458	1	6	46	9	4	12	97	0	0	0
0.458	1	4	46	9	8	12	149	0	0	0
0.459	1	1	46	10	2	12	97	0	0	0
0.459	1	6	46	10	4	12	201	0	0	0
0.459	1	4	46	10	8	14	389	0	0	0
0.46	1	1	47	1	2	12	97	0	0	0
0.46	1	6	47	1	4	12	201	0	0	0
0.46	1	4	47	1	8	14	389	0	0	0
0.461	1	6	47	2	4	12	301	0	0	0
0.461	1	4	47	2	8	14	389	0	0	0
0.462	1	6	47	3	4	6	309	0	0	0
0.463	1	6	47	4	4	6	309	0	0	0
0.471	1	5	48	2	1	28	2196	0	0	0
0.472	1	2	48	3	7	28	2196	0	0	0
0.473	1	1	48	4	2	12	149	0	0	0
0.473	1	3	48	4	3	14	125	0	0	0
0.473	1	6	48	4	4	14	193	0	0	0
0.473	1	4	48	4	8	14	253	0	0	0
0.474	1	1	48	5	2	12	47	0	0	0
0.474	1	3	48	5	3	14	193	0	0	0
0.474	1	6	48	5	4	14	317	0	0	0
0.474	1	4	48	5	8	16	225	0	0	0
0.475	1	1	48	6	2	12	47	0	0	0
0.475	1	3	48	6	3	14	193	0	0	0
0.475	1	6	48	6	4	14	317	0	0	0
0.475	1	4	48	6	8	16	225	0	0	0
0.476	1	3	48	7	3	14	253	0	0	0
0.476	1	6	48	7	4	14	317	0	0	0
0.476	1	4	48	7	8	16	225	0	0	0
0.477	1	3	48	8	3	14	253	0	0	0
0.477	1	6	48	8	4	14	317	0	0	0
0.477	1	4	48	8	8	16	225	0	0	0
0.478	1	1	48	9	2	10	37	0	0	0
0.478	1	3	48	9	3	14	253	0	0	0
0.478	1	6	48	9	4	12	97	0	0	0
0.478	1	4	48	9	8	14	317	0	0	0
0.479	1	1	48	10	2	10	157	0	0	0
0.479	1	3	48	10	3	12	97	0	0	0
0.479	1	4	48	10	8	14	389	0	0	0
0.48	1	1	49	1	2	8	277	0	0	0
0.48	1	3	49	1	3	8	137	0	0	0
0.481	1	1	49	2	2	8	277	0	0	0
0.481	1	3	49	2	3	8	137	0	0	0
0.482	1	1	49	3	2	4	217	0	0	0
0.483	1	1	49	4	2	4	217	0	0	0
0.484	1	1	49	5	2	2	133	0	0	0
0.491	1	5	50	2	1	28	2196	0	0	0
0.492	1	2	50	3	7	28	2196	0	0	0
0.493	1	6	50	4	4	12	349	0	0	0
0.493	1	4	50	4	8	14	317	0	0	0
0.494	1	3	50	5	3	12	97	0	0	0
0.494	1	6	50	5	4	12	253	0	0	0
0.494	1	4	50	5	8	14	317	0	0	0
0.495	1	3	50	6	3	12	97	0	0	0
0.495	1	6	50	6	4	12	253	0	0	0
0.495	1	4	50	6	8	12	253	0	0	0
0.496	1	3	50	7	3	12	97	0	0	0
0.496	1	6	50	7	4	12	301	0	0	0
0.496	1	4	50	7	8	14	253	0	0	0
0.497	1	3	50	8	3	12	97	0	0	0
0.497	1	6	50	8	4	12	301	0	0	0
0.497	1	4	50	8	8	14	253	0	0	0
0.498	1	3	50	9	3	12	97	0	0	0
0.498	1	6	50	9	4	12	301	0	0	0
0.498	1	4	50	9	8	14	253	0	0	0
0.499	1	1	50	10	2	0	32	0	0	0
0.499	1	3	50	10	3	4	125	0	0	0
0.5	1	1	51	1	2	0	4	0	0	0
0.5	1	3	51	1	3	0	75	0	0	0
0.501	1	1	51	2	2	0	4	0	0	0
0.501	1	3	51	2	3	0	75	0	0	0
0.502	1	1	51	3	2	0	4	0	0	0
0.502	1	3	51	3	3	0	75	0	0	0
0.503	1	1	51	4	2	0	4	0	0	0
0.503	1	3	51	4	3	0	75	0	0	0
0.504	1	1	51	5	2	0	4	0	0	0
0.504	1	3	51	5	3	0	75	0	0	0
0.505	1	1	51	6	2	0	4	0	0	0
0.505	1	3	51	6	3	0	75	0	0	0
0.506	1	1	51	7	2	10	357	0	0	0
0.506	1	3	51	7	3	12	149	0	0	0
0.507	1	1	51	8	2	10	357	0	0	0
0.507	1	3	51	8	3	12	149	0	0	0
0.508	1	1	51	9	2	10	357	0	0	0
0.508	1	3	51	9	3	12	149	0	0	0
0.509	1	1	51	10	2	12	349	0	0	0
0.509	1	3	51	10	3	12	253	0	0	0
0.51	1	1	52	1	2	4	217	0	0	0
0.511	1	5	52	2	1	28	2196	0	0	0
0.512	1	2	52	3	7	28	2196	0	0	0
0.513	1	1	52	4	2	12	301	0	0	0
0.513	1	4	52	4	8	14	389	0	0	0
0.514	1	1	52	5	2	12	301	0	0	0
0.514	1	4	52	5	8	14	389	0	0	0
0.515	1	1	52	6	2	12	301	0	0	0
0.515	1	4	52	6	8	14	389	0	0	0
0.516	1	1	52	7	2	12	253	0	0	0
0.516	1	4	52	7	8	14	453	0	0	0
0.517	1	1	52	8	2	12	253	0	0	0
0.517	1	3	52	8	3	12	349	0	0	0
0.518	1	1	52	9	2	12	201	0	0	0
0.518	1	3	52	9	3	12	405	0	0	0
0.519	1	3	52	10	3	10	437	0	0	0
0.519	1	6	52	10	4	12	47	0	0	0
0.52	1	3	53	1	3	10	437	0	0	0
0.52	1	6	53	1	4	12	47	0	0	0
0.521	1	6	53	2	4	0	81	0	0	0
0.522	1	6	53	3	4	0	81	0	0	0
0.523	1	6	53	4	4	0	81	0	0	0
0.524	1	6	53	5	4	0	81	0	0	0
0.525	1	6	53	6	4	0	81	0	0	0
0.526	1	6	53	7	4	0	81	0	0	0
0.527	1	6	53	8	4	0	81	0	0	0
0.528	1	6	53	9	4	0	81	0	0	0
0.529	1	6	53	10	4	0	81	0	0	0
0.53	1	6	54	1	4	0	81	0	0	0
0.531	1	5	54	2	1	28	549	0	0	0
0.531	1	6	54	2	4	2	97	0	0	0
0.532	1	6	54	3	4	2	109	0	0	0
0.532	1	2	54	3	7	28	373	0	0	0
0.533	1	5	54	4	1	28	373	0	0	0
0.533	1	6	54	4	4	2	109	0	0	0
0.534	1	6	54	5	4	2	109	0	0	0
0.534	1	2	54	5	7	28	373	0	0	0
0.535	1	5	54	6	1	28	373	0	0	0
0.535	1	6	54	6	4	2	109	0	0	0
0.536	1	6	54	7	4	2	109	0	0	0
0.536	1	2	54	7	7	28	373	0	0	0
0.537	1	5	54	8	1	28	373	0	0	0
0.537	1	6	54	8	4	2	109	0	0	0
0.538	1	6	54	9	4	4	161	0	0	0
0.538	1	2	54	9	7	28	549	0	0	0
0.539	1	6	54	10	4	0	81	0	0	0
0.54	1	6	55	1	4	0	81	0	0	0
0.541	1	6	55	2	4	0	81	0	0	0
0.542	1	6	55	3	4	0	81	0	0	0
0.543	1	6	55	4	4	0	81	0	0	0
0.544	1	6	55	5	4	0	81	0	0	0
0.545	1	6	55	6	4	0	81	0	0	0
0.546	1	6	55	7	4	0	81	0	0	0
0.547	1	6	55	8	4	0	81	0	0	0
0.548	1	6	55	9	4	0	81	0	0	0
0.549	1	6	55	10	4	0	81	0	0	0
0.55	1	6	56	1	4	0	81	0	0	0
0.551	1	6	56	2	4	18	79	0	0	0
0.551	1	4	56	2	8	18	903	0	0	0
0.552	1	6	56	3	4	18	79	0	0	0
0.552	1	4	56	3	8	18	903	0	0	0
0.553	1	6	56	4	4	18	79	0	0	0
0.553	1	4	56	4	8	18	903	0	0	0
0.554	1	6	56	5	4	18	79	0	0	0
0.554	1	4	56	5	8	18	903	0	0	0
0.555	1	3	56	6	3	6	49	0	0	0
0.555	1	6	56	6	4	6	261	0	0	0
0.556	1	3	56	7	3	8	67	0	0	0
0.556	1	6	56	7	4	8	349	0	0	0
0.557	1	3	56	8	3	8	67	0	0	0
0.557	1	6	56	8	4	8	349	0	0	0
0.558	1	1	56	9	2	8	67	0	0	0
0.558	1	3	56	9	3	10	37	0	0	0
0.558	1	6	56	9	4	10	357	0	0	0
0.559	1	1	56	10	2	8	67	0	0	0
0.559	1	3	56	10	3	10	37	0	0	0
0.559	1	6	56	10	4	10	357	0	0	0
0.56	1	1	57	1	2	8	421	0	0	0
0.561	1	1	57	2	2	8	421	0	0	0
0.562	1	1	57	3	2	10	437	0	0	0
0.562	1	3	57	3	3	10	37	0	0	0
0.563	1	1	57	4	2	10	437	0	0	0
0.563	1	3	57	4	3	10	37	0	0	0
0.564	1	1	57	5	2	10	469	0	0	0
0.565	1	1	57	6	2	10	469	0	0	0
0.566	1	1	57	7	2	12	597	0	0	0
0.567	1	3	57	8	3	6	309	0	0	0
0.568	1	3	57	9	3	6	309	0	0	0
0.569	1	3	57	10	3	6	309	0	0	0
0.57	1	3	58	1	3	6	309	0	0	0
0.571	1	5	58	2	1	28	2196	0	0	0
0.572	1	2	58	3	7	28	2196	0	0	0
0.573	1	5	58	4	1	28	2196	0	0	0
0.574	1	2	58	5	7	28	2196	0	0	0
0.575	1	3	58	6	3	8	421	0	0	0
0.576	1	3	58	7	3	8	421	0	0	0
0.577	1	3	58	8	3	8	421	0	0	0
0.578	1	3	58	9	3	8	421	0	0	0
0.579	1	3	58	10	3	8	421	0	0	0
0.58	1	3	59	1	3	8	421	0	0	0
0.581	1	3	59	2	3	8	421	0	0	0
0.582	1	3	59	3	3	8	421	0	0	0
0.583	1	1	59	4	2	16	225	0	0	0
0.583	1	6	59	4	4	16	533	0	0	0
0.583	1	4	59	4	8	22	233	0	0	0
0.584	1	1	59	5	2	16	309	0	0	0
0.584	1	6	59	5	4	20	693	0	0	0
0.584	1	4	59	5	8	22	113	0	0	0
0.585	1	1	59	6	2	16	309	0	0	0
0.585	1	6	59	6	4	20	693	0	0	0
0.585	1	4	59	6	8	22	113	0	0	0
0.586	1	1	59	7	2	14	645	0	0	0
0.586	1	4	59	7	8	18	161	0	0	0
0.587	1	1	59	8	2	16	389	0	0	0
0.587	1	4	59	8	8	18	573	0	0	0
0.588	1	4	59	9	8	18	967	0	0	0
0.591	1	5	60	2	1	28	935	0	0	0
0.591	1	6	60	2	4	20	693	0	0	0
0.592	1	6	60	3	4	20	693	0	0	0
0.592	1	2	60	3	7	28	935	0	0	0
0.593	1	5	60	4	1	28	935	0	0	0
0.593	1	6	60	4	4	20	693	0	0	0
0.594	1	2	60	5	7	28	2196	0	0	0
0.595	1	1	60	6	2	14	645	0	0	0
0.595	1	4	60	6	8	16	153	0	0	0
0.596	1	1	60	7	2	14	573	0	0	0
0.596	1	4	60	7	8	16	225	0	0	0
0.597	1	1	60	8	2	14	573	0	0	0
0.597	1	4	60	8	8	16	225	0	0	0
0.598	1	4	60	9	8	16	903	0	0	0
0.599	1	3	60	10	3	10	317	0	0	0
0.599	1	4	60	10	8	14	253	0	0	0
0.6	1	3	61	1	3	10	469	0	0	0
0.601	1	3	61	2	3	10	469	0	0	0
0.602	1	3	61	3	3	10	469	0	0	0
0.611	1	5	62	2	1	28	935	0	0	0
0.611	1	1	62	2	2	20	193	0	0	0
0.611	1	6	62	2	4	20	501	0	0	0
0.612	1	5	62	3	1	28	935	0	0	0
0.612	1	1	62	3	2	20	193	0	0	0
0.612	1	6	62	3	4	20	501	0	0	0
0.613	1	1	62	4	2	20	193	0	0	0
0.613	1	6	62	4	4	20	501	0	0	0
0.613	1	2	62	4	7	28	935	0	0	0
0.614	1	1	62	5	2	20	193	0	0	0
0.614	1	6	62	5	4	20	293	0	0	0
0.614	1	2	62	5	7	28	1287	0	0	0
0.615	1	1	62	6	2	14	517	0	0	0
0.615	1	3	62	6	3	12	149	0	0	0
0.615	1	4	62	6	8	14	61	0	0	0
0.616	1	1	62	7	2	14	517	0	0	0
0.616	1	3	62	7	3	12	149	0	0	0
0.616	1	4	62	7	8	14	61	0	0	0
0.617	1	3	62	8	3	12	149	0	0	0
0.617	1	4	62	8	8	12	453	0	0	0
0.618	1	3	62	9	3	12	149	0	0	0
0.618	1	4	62	9	8	12	453	0	0	0
0.619	1	3	62	10	3	12	149	0	0	0
0.619	1	4	62	10	8	12	453	0	0	0
0.62	1	3	63	1	3	12	149	0	0	0
0.62	1	4	63	1	8	12	453	0	0	0
0.621	1	3	63	2	3	8	421	0	0	0
0.622	1	3	63	3	3	8	421	0	0	0
0.631	1	5	64	2	1	28	1836	0	0	0
0.631	1	1	64	2	2	20	97	0	0	0
0.631	1	6	64	2	4	20	97	0	0	0
0.632	1	1	64	3	2	20	97	0	0	0
0.632	1	2	64	3	7	28	2052	0	0	0
0.633	1	1	64	4	2	14	453	0	0	0
0.633	1	6	64	4	4	14	317	0	0	0
0.634	1	1	64	5	2	14	389	0	0	0
0.634	1	6	64	5	4	14	389	0	0	0
0.635	1	1	64	6	2	14	389	0	0	0
0.635	1	3	64	6	3	14	61	0	0	0
0.635	1	6	64	6	4	14	317	0	0	0
0.636	1	1	64	7	2	14	389	0	0	0
0.636	1	3	64	7	3	14	61	0	0	0
0.636	1	6	64	7	4	14	317	0	0	0
0.637	1	3	64	8	3	14	61	0	0	0
0.637	1	6	64	8	4	14	717	0	0	0
0.638	1	3	64	9	3	8	209	0	0	0
0.638	1	4	64	9	8	12	301	0	0	0
0.639	1	3	64	10	3	8	173	0	0	0
0.639	1	4	64	10	8	12	349	0	0	0
0.64	1	3	65	1	3	8	173	0	0	0
0.64	1	4	65	1	8	12	349	0	0	0
0.641	1	3	65	2	3	8	209	0	0	0
0.641	1	4	65	2	8	12	301	0	0	0
0.642	1	3	65	3	3	8	209	0	0	0
0.642	1	4	65	3	8	12	301	0	0	0
0.643	1	3	65	4	3	6	309	0	0	0
0.644	1	3	65	5	3	6	309	0	0	0
0.651	1	5	66	2	1	28	2196	0	0	0
0.652	1	1	66	3	2	14	61	0	0	0
0.652	1	6	66	3	4	14	193	0	0	0
0.652	1	2	66	3	7	26	1239	0	0	0
0.653	1	1	66	4	2	14	61	0	0	0
0.653	1	6	66	4	4	14	193	0	0	0
0.653	1	2	66	4	7	24	1063	0	0	0
0.654	1	1	66	5	2	14	253	0	0	0
0.654	1	6	66	5	4	14	317	0	0	0
0.654	1	4	66	5	8	16	225	0	0	0
0.655	1	1	66	6	2	14	253	0	0	0
0.655	1	6	66	6	4	14	317	0	0	0
0.655	1	4	66	6	8	16	225	0	0	0
0.656	1	1	66	7	2	14	253	0	0	0
0.656	1	6	66	7	4	14	317	0	0	0
0.656	1	4	66	7	8	16	225	0	0	0
0.657	1	1	66	8	2	14	253	0	0	0
0.657	1	6	66	8	4	14	253	0	0	0
0.657	1	4	66	8	8	16	309	0	0	0
0.658	1	1	66	9	2	12	253	0	0	0
0.658	1	4	66	9	8	12	349	0	0	0
0.659	1	1	66	10	2	12	253	0	0	0
0.659	1	4	66	10	8	14	453	0	0	0
0.66	1	3	67	1	3	2	133	0	0	0
0.661	1	3	67	2	3	2	133	0	0	0
0.662	1	3	67	3	3	0	81	0	0	0
0.663	1	3	67	4	3	0	81	0	0	0
0.664	1	3	67	5	3	0	81	0	0	0
0.665	1	3	67	6	3	0	81	0	0	0
0.666	1	3	67	7	3	0	81	0	0	0
0.667	1	3	67	8	3	0	81	0	0	0
0.668	1	3	67	9	3	0	81	0	0	0
0.669	1	3	67	10	3	0	81	0	0	0
0.67	1	3	68	1	3	0	81	0	0	0
0.671	1	5	68	2	1	28	185	0	0	0
0.671	1	3	68	2	3	2	121	0	0	0
0.672	1	5	68	3	1	28	185	0	0	0
0.672	1	3	68	3	3	2	121	0	0	0
0.673	1	5	68	4	1	28	185	0	0	0
0.673	1	3	68	4	3	2	121	0	0	0
0.674	1	5	68	5	1	28	185	0	0	0
0.674	1	3	68	5	3	2	121	0	0	0
0.675	1	5	68	6	1	28	185	0	0	0
0.675	1	3	68	6	3	2	121	0	0	0
0.676	1	5	68	7	1	28	185	0	0	0
0.676	1	3	68	7	3	2	121	0	0	0
0.677	1	5	68	8	1	28	185	0	0	0
0.677	1	3	68	8	3	2	121	0	0	0
0.678	1	5	68	9	1	28	185	0	0	0
0.678	1	3	68	9	3	2	121	0	0	0
0.679	1	5	68	10	1	28	185	0	0	0
0.679	1	3	68	10	3	2	121	0	0	0
0.68	1	3	69	1	3	0	81	0	0	0
0.681	1	3	69	2	3	0	81	0	0	0
0.682	1	3	69	3	3	0	81	0	0	0
0.683	1	3	69	4	3	0	81	0	0	0
0.684	1	3	69	5	3	0	81	0	0	0
0.685	1	3	69	6	3	0	81	0	0	0
0.686	1	3	69	7	3	0	81	0	0	0
0.687	1	3	69	8	3	0	81	0	0	0
0.688	1	3	69	9	3	0	81	0	0	0
0.689	1	3	69	10	3	0	81	0	0	0
0.69	1	3	70	1	3	0	81	0	0	0
0.691	1	2	70	2	7	28	2196	0	0	0
0.692	1	2	70	3	7	28	2196	0	0	0
0.693	1	1	70	4	2	14	193	0	0	0
0.693	1	6	70	4	4	14	517	0	0	0
0.693	1	4	70	4	8	16	75	0	0	0
0.694	1	6	70	5	4	14	573	0	0	0
0.694	1	4	70	5	8	16	225	0	0	0
0.695	1	6	70	6	4	14	645	0	0	0
0.695	1	4	70	6	8	16	153	0	0	0
0.696	1	6	70	7	4	14	645	0	0	0
0.696	1	4	70	7	8	16	153	0	0	0
0.697	1	6	70	8	4	14	645	0	0	0
0.697	1	4	70	8	8	16	153	0	0	0
0.698	1	6	70	9	4	14	389	0	0	0
0.698	1	4	70	9	8	14	389	0	0	0
0.699	1	1	70	10	2	14	61	0	0	0
0.699	1	4	70	10	8	14	717	0	0	0
0.7	1	1	71	1	2	14	193	0	0	0
0.7	1	4	71	1	8	14	573	0	0	0
0.701	1	1	71	2	2	14	193	0	0	0
0.701	1	4	71	2	8	14	573	0	0	0
0.702	1	1	71	3	2	8	137	0	0	0
0.702	1	4	71	3	8	14	517	0	0	0
0.703	1	1	71	4	2	8	421	0	0	0
0.704	1	1	71	5	2	8	421	0	0	0
0.705	1	1	71	6	2	8	421	0	0	0
0.706	1	1	71	7	2	8	421	0	0	0
0.707	1	1	71	8	2	8	421	0	0	0
0.708	1	1	71	9	2	8	421	0	0	0
0.709	1	3	71	10	3	0	81	0	0	0
0.71	1	3	72	1	3	0	81	0	0	0
0.711	1	5	72	2	1	28	2196	0	0	0
0.712	1	5	72	3	1	28	2196	0	0	0
0.713	1	3	72	4	3	0	81	0	0	0
0.714	1	3	72	5	3	0	81	0	0	0
0.715	1	3	72	6	3	0	81	0	0	0
0.716	1	3	72	7	3	0	81	0	0	0
0.717	1	3	72	8	3	0	81	0	0	0
0.718	1	3	72	9	3	0	81	0	0	0
0.719	1	3	72	10	3	0	81	0	0	0
0.72	1	3	73	1	3	0	81	0	0	0
0.721	1	3	73	2	3	0	81	0	0	0
0.722	1	3	73	3	3	0	81	0	0	0
0.723	1	3	73	4	3	0	81	0	0	0
0.724	1	3	73	5	3	0	81	0	0	0
0.725	1	3	73	6	3	0	81	0	0	0
0.726	1	3	73	7	3	0	81	0	0	0
0.727	1	3	73	8	3	0	81	0	0	0
0.728	1	3	73	9	3	0	81	0	0	0
0.729	1	3	73	10	3	0	81	0	0	0
0.73	1	3	74	1	3	0	81	0	0	0
0.731	1	3	74	2	3	8	32	0	0	0
0.731	1	6	74	2	4	18	161	0	0	0
0.731	1	2	74	2	7	28	1692	0	0	0
0.732	1	3	74	3	3	8	101	0	0	0
0.732	1	6	74	3	4	18	161	0	0	0
0.732	1	2	74	3	7	28	1287	0	0	0
0.733	1	3	74	4	3	8	101	0	0	0
0.733	1	6	74	4	4	18	405	0	0	0
0.733	1	2	74	4	7	28	749	0	0	0
0.734	1	3	74	5	3	8	137	0	0	0
0.734	1	6	74	5	4	16	621	0	0	0
0.735	1	3	74	6	3	8	137	0	0	0
0.735	1	6	74	6	4	16	621	0	0	0
0.736	1	3	74	7	3	8	137	0	0	0
0.736	1	6	74	7	4	16	621	0	0	0
0.737	1	3	74	8	3	8	137	0	0	0
0.737	1	6	74	8	4	16	621	0	0	0
0.738	1	1	74	9	2	8	173	0	0	0
0.738	1	3	74	9	3	4	125	0	0	0
0.739	1	1	74	10	2	8	173	0	0	0
0.739	1	3	74	10	3	4	125	0	0	0
0.74	1	1	75	1	2	8	173	0	0	0
0.74	1	3	75	1	3	4	125	0	0	0
0.741	1	1	75	2	2	8	173	0	0	0
0.741	1	3	75	2	3	4	125	0	0	0
0.742	1	1	75	3	2	8	32	0	0	0
0.742	1	3	75	3	3	4	141	0	0	0
0.742	1	4	75	3	8	8	101	0	0	0
0.743	1	1	75	4	2	8	32	0	0	0
0.743	1	3	75	4	3	4	141	0	0	0
0.743	1	4	75	4	8	8	101	0	0	0
0.744	1	3	75	5	3	4	161	0	0	0
0.744	1	4	75	5	8	8	101	0	0	0
0.745	1	3	75	6	3	4	161	0	0	0
0.745	1	4	75	6	8	10	117	0	0	0
0.746	1	3	75	7	3	4	161	0	0	0
0.746	1	4	75	7	8	10	117	0	0	0
0.747	1	3	75	8	3	4	161	0	0	0
0.747	1	4	75	8	8	12	149	0	0	0
0.748	1	3	75	9	3	4	177	0	0	0
0.748	1	4	75	9	8	12	97	0	0	0
0.749	1	3	75	10	3	4	161	0	0	0
0.749	1	4	75	10	8	12	149	0	0	0
0.75	1	3	76	1	3	4	177	0	0	0
0.75	1	4	76	1	8	14	125	0	0	0
0.751	1	5	76	2	1	28	1095	0	0	0
0.751	1	4	76	2	8	14	389	0	0	0
0.752	1	5	76	3	1	28	1095	0	0	0
0.752	1	4	76	3	8	14	389	0	0	0
0.753	1	5	76	4	1	28	935	0	0	0
0.753	1	4	76	4	8	14	453	0	0	0
0.754	1	4	76	5	8	8	421	0	0	0
0.755	1	4	76	6	8	8	421	0	0	0
0.756	1	4	76	7	8	8	421	0	0	0
0.757	1	4	76	8	8	8	421	0	0	0
0.758	1	3	76	9	3	12	47	0	0	0
0.758	1	4	76	9	8	10	437	0	0	0
0.759	1	3	76	10	3	12	47	0	0	0
0.759	1	4	76	10	8	10	437	0	0	0
0.76	1	3	77	1	3	6	309	0	0	0
0.761	1	3	77	2	3	6	309	0	0	0
0.762	1	1	77	3	2	4	32	0	0	0
0.762	1	3	77	3	3	6	261	0	0	0
0.763	1	1	77	4	2	4	32	0	0	0
0.763	1	3	77	4	3	6	261	0	0	0
0.764	1	3	77	5	3	8	421	0	0	0
0.765	1	3	77	6	3	8	421	0	0	0
0.766	1	1	77	7	2	0	81	0	0	0
0.767	1	1	77	8	2	0	81	0	0	0
0.768	1	1	77	9	2	0	81	0	0	0
0.769	1	1	77	10	2	0	81	0	0	0
0.77	1	1	78	1	2	0	81	0	0	0
0.771	1	1	78	2	2	8	67	0	0	0
0.771	1	2	78	2	7	28	1836	0	0	0
0.772	1	1	78	3	2	8	101	0	0	0
0.772	1	2	78	3	7	28	1692	0	0	0
0.773	1	1	78	4	2	6	101	0	0	0
0.773	1	6	78	4	4	14	517	0	0	0
0.774	1	1	78	5	2	6	101	0	0	0
0.774	1	6	78	5	4	14	517	0	0	0
0.775	1	1	78	6	2	6	101	0	0	0
0.775	1	6	78	6	4	14	517	0	0	0
0.776	1	1	78	7	2	8	137	0	0	0
0.776	1	6	78	7	4	14	517	0	0	0
0.777	1	1	78	8	2	4	87	0	0	0
0.777	1	6	78	8	4	14	453	0	0	0
0.778	1	1	78	9	2	4	87	0	0	0
0.778	1	6	78	9	4	16	533	0	0	0
0.779	1	1	78	10	2	0	67	0	0	0
0.779	1	6	78	10	4	18	161	0	0	0
0.78	1	1	79	1	2	0	81	0	0	0
0.781	1	1	79	2	2	0	81	0	0	0
0.782	1	1	79	3	2	0	81	0	0	0
0.783	1	1	79	4	2	0	81	0	0	0
0.784	1	1	79	5	2	0	81	0	0	0
0.785	1	1	79	6	2	0	81	0	0	0
0.786	1	1	79	7	2	0	81	0	0	0
0.787	1	1	79	8	2	0	81	0	0	0
0.788	1	1	79	9	2	0	81	0	0	0
0.789	1	1	79	10	2	0	81	0	0	0
0.79	1	1	80	1	2	0	81	0	0	0
0.791	1	5	80	2	1	28	749	0	0	0
0.791	1	1	80	2	2	8	241	0	0	0
0.791	1	3	80	2	3	16	75	0	0	0
0.792	1	5	80	3	1	28	549	0	0	0
0.792	1	1	80	3	2	8	277	0	0	0
0.792	1	3	80	3	3	16	75	0	0	0
0.793	1	5	80	4	1	28	549	0	0	0
0.793	1	1	80	4	2	8	277	0	0	0
0.793	1	3	80	4	3	16	75	0	0	0
0.794	1	5	80	5	1	28	549	0	0	0
0.794	1	1	80	5	2	8	277	0	0	0
0.794	1	3	80	5	3	16	75	0	0	0
0.795	1	5	80	6	1	28	549	0	0	0
0.795	1	1	80	6	2	8	277	0	0	0
0.795	1	3	80	6	3	16	75	0	0	0
0.796	1	5	80	7	1	28	373	0	0	0
0.796	1	1	80	7	2	8	317	0	0	0
0.796	1	3	80	7	3	16	75	0	0	0
0.797	1	1	80	8	2	8	317	0	0	0
0.797	1	3	80	8	3	14	193	0	0	0
0.798	1	1	80	9	2	8	317	0	0	0
0.798	1	3	80	9	3	14	193	0	0	0
0.799	1	1	80	10	2	8	317	0	0	0
0.799	1	3	80	10	3	14	193	0	0	0
0.8	1	1	81	1	2	8	317	0	0	0
0.8	1	3	81	1	3	14	193	0	0	0
0.801	1	1	81	2	2	8	317	0	0	0
0.801	1	3	81	2	3	14	193	0	0	0
0.802	1	1	81	3	2	8	349	0	0	0
0.802	1	3	81	3	3	14	125	0	0	0
0.803	1	1	81	4	2	8	349	0	0	0
0.803	1	3	81	4	3	14	125	0	0	0
0.804	1	1	81	5	2	8	349	0	0	0
0.804	1	3	81	5	3	14	125	0	0	0
0.805	1	1	81	6	2	8	349	0	0	0
0.805	1	3	81	6	3	14	125	0	0	0
0.806	1	1	81	7	2	8	349	0	0	0
0.806	1	3	81	7	3	16	153	0	0	0
0.807	1	3	81	8	3	14	453	0	0	0
0.807	1	4	81	8	8	18	405	0	0	0
0.808	1	3	81	9	3	14	453	0	0	0
0.808	1	4	81	9	8	18	405	0	0	0
0.809	1	3	81	10	3	14	453	0	0	0
0.809	1	4	81	10	8	18	405	0	0	0
0.81	1	4	82	1	8	14	775	0	0	0
0.811	1	6	82	2	4	20	693	0	0	0
0.811	1	2	82	2	7	28	935	0	0	0
0.812	1	6	82	3	4	20	693	0	0	0
0.812	1	2	82	3	7	28	935	0	0	0
0.813	1	6	82	4	4	20	693	0	0	0
0.813	1	2	82	4	7	28	935	0	0	0
0.814	1	6	82	5	4	20	775	0	0	0
0.814	1	2	82	5	7	28	749	0	0	0
0.815	1	6	82	6	4	20	775	0	0	0
0.815	1	4	82	6	8	18	325	0	0	0
0.816	1	4	82	7	8	14	775	0	0	0
0.817	1	4	82	8	8	14	775	0	0	0
0.818	1	4	82	9	8	14	775	0	0	0
0.819	1	5	82	10	1	28	1836	0	0	0
0.819	1	3	82	10	3	16	153	0	0	0
0.82	1	1	83	1	2	14	253	0	0	0
0.82	1	3	83	1	3	12	405	0	0	0
0.821	1	1	83	2	2	14	253	0	0	0
0.821	1	3	83	2	3	12	405	0	0	0
0.822	1	1	83	3	2	14	253	0	0	0
0.822	1	3	83	3	3	12	405	0	0	0
0.823	1	1	83	4	2	14	253	0	0	0
0.823	1	3	83	4	3	12	405	0	0	0
0.824	1	1	83	5	2	6	309	0	0	0
0.825	1	1	83	6	2	6	309	0	0	0
0.831	1	5	84	2	1	28	749	0	0	0
0.831	1	3	84	2	3	16	75	0	0	0
0.831	1	6	84	2	4	22	807	0	0	0
0.832	1	5	84	3	1	28	2052	0	0	0
0.832	1	3	84	3	3	16	75	0	0	0
0.833	1	3	84	4	3	16	75	0	0	0
0.833	1	6	84	4	4	22	807	0	0	0
0.833	1	2	84	4	7	28	749	0	0	0
0.834	1	3	84	5	3	14	389	0	0	0
0.834	1	2	84	5	7	28	1095	0	0	0
0.835	1	1	84	6	2	12	201	0	0	0
0.835	1	3	84	6	3	12	405	0	0	0
0.836	1	1	84	7	2	12	201	0	0	0
0.836	1	3	84	7	3	12	405	0	0	0
0.837	1	1	84	8	2	12	201	0	0	0
0.837	1	3	84	8	3	12	405	0	0	0
0.838	1	1	84	9	2	8	173	0	0	0
0.838	1	4	84	9	8	12	349	0	0	0
0.839	1	1	84	10	2	8	173	0	0	0
0.839	1	4	84	10	8	12	349	0	0	0
0.84	1	1	85	1	2	8	173	0	0	0
0.84	1	4	85	1	8	12	349	0	0	0
0.841	1	1	85	2	2	8	209	0	0	0
0.841	1	4	85	2	8	12	301	0	0	0
0.842	1	1	85	3	2	8	209	0	0	0
0.842	1	4	85	3	8	12	301	0	0	0
0.843	1	1	85	4	2	8	67	0	0	0
0.851	1	6	86	2	4	22	1383	0	0	0
0.852	1	5	86	3	1	28	1692	0	0	0
0.852	1	6	86	3	4	24	405	0	0	0
0.853	1	3	86	4	3	14	125	0	0	0
0.853	1	2	86	4	7	28	1836	0	0	0
0.854	1	1	86	5	2	8	67	0	0	0
0.854	1	3	86	5	3	8	349	0	0	0
0.855	1	1	86	6	2	8	67	0	0	0
0.855	1	3	86	6	3	8	349	0	0	0
0.856	1	3	86	7	3	6	309	0	0	0
0.857	1	3	86	8	3	6	309	0	0	0
0.858	1	3	86	9	3	6	309	0	0	0
0.859	1	1	86	10	2	4	193	0	0	0
0.859	1	4	86	10	8	6	22	0	0	0
0.86	1	1	87	1	2	4	141	0	0	0
0.86	1	4	87	1	8	4	69	0	0	0
0.861	1	1	87	2	2	4	141	0	0	0
0.861	1	4	87	2	8	4	69	0	0	0
0.862	1	1	87	3	2	2	77	0	0	0
0.862	1	4	87	3	8	4	87	0	0	0
0.863	1	1	87	4	2	4	105	0	0	0
0.863	1	4	87	4	8	4	105	0	0	0
0.864	1	1	87	5	2	4	69	0	0	0
0.864	1	4	87	5	8	4	141	0	0	0
0.865	1	1	87	6	2	4	69	0	0	0
0.865	1	4	87	6	8	4	141	0	0	0
0.866	1	1	87	7	2	4	69	0	0	0
0.866	1	4	87	7	8	4	141	0	0	0
0.867	1	1	87	8	2	8	101	0	0	0
0.867	1	4	87	8	8	6	233	0	0	0
0.868	1	1	87	9	2	8	101	0	0	0
0.868	1	4	87	9	8	6	233	0	0	0
0.869	1	1	87	10	2	8	101	0	0	0
0.869	1	4	87	10	8	8	317	0	0	0
0.87	1	1	88	1	2	0	81	0	0	0
0.871	1	1	88	2	2	0	81	0	0	0
0.872	1	1	88	3	2	0	81	0	0	0
0.873	1	1	88	4	2	0	81	0	0	0
0.874	1	1	88	5	2	0	81	0	0	0
0.875	1	1	88	6	2	0	81	0	0	0
0.876	1	1	88	7	2	0	81	0	0	0
0.877	1	1	88	8	2	0	81	0	0	0
0.878	1	1	88	9	2	0	81	0	0	0
0.879	1	1	88	10	2	0	81	0	0	0
0.88	1	1	89	1	2	2	133	0	0	0
0.881	1	1	89	2	2	2	133	0	0	0
0.882	1	1	89	3	2	4	217	0	0	0
0.883	1	1	89	4	2	4	217	0	0	0
0.884	1	1	89	5	2	6	309	0	0	0
0.885	1	5	89	6	1	28	2196	0	0	0
0.886	1	6	89	7	4	22	469	0	0	0
0.886	1	2	89	7	7	28	1479	0	0	0
0.887	1	6	89	8	4	20	903	0	0	0
0.887	1	2	89	8	7	28	549	0	0	0
0.888	1	6	89	9	4	18	967	0	0	0
0.889	1	3	89	10	3	10	77	0	0	0
0.889	1	4	89	10	8	14	645	0	0	0
0.89	1	3	90	1	3	8	67	0	0	0
0.89	1	4	90	1	8	14	645	0	0	0
0.891	1	3	90	2	3	8	67	0	0	0
0.891	1	4	90	2	8	14	645	0	0	0
0.892	1	3	90	3	3	8	67	0	0	0
0.892	1	4	90	3	8	14	645	0	0	0
0.893	1	3	90	4	3	8	67	0	0	0
0.893	1	4	90	4	8	14	645	0	0	0
0.894	1	3	90	5	3	0	81	0	0	0
0.895	1	3	90	6	3	0	81	0	0	0
0.896	1	3	90	7	3	0	81	0	0	0
0.897	1	3	90	8	3	0	81	0	0	0
0.898	1	3	90	9	3	0	81	0	0	0
0.899	1	3	90	10	3	0	81	0	0	0
0.9	1	3	91	1	3	0	81	0	0	0
0.901	1	3	91	2	3	0	81	0	0	0
0.902	1	3	91	3	3	0	81	0	0	0
0.903	1	3	91	4	3	0	81	0	0	0
0.904	1	3	91	5	3	0	81	0	0	0
0.905	1	3	91	6	3	0	81	0	0	0
0.906	1	3	91	7	3	0	81	0	0	0
0.907	1	3	91	8	3	0	81	0	0	0
0.908	1	3	91	9	3	0	81	0	0	0
0.909	1	3	91	10	3	0	81	0	0	0
0.91	1	3	92	1	3	0	81	0	0	0
0.911	1	5	92	2	1	28	2196	0	0	0
0.912	1	5	92	3	1	28	2196	0	0	0
0.913	1	1	92	4	2	14	253	0	0	0
0.913	1	2	92	4	7	28	1479	0	0	0
0.914	1	1	92	5	2	14	253	0	0	0
0.914	1	2	92	5	7	28	1479	0	0	0
0.915	1	1	92	6	2	10	77	0	0	0
0.915	1	6	92	6	4	18	405	0	0	0
0.915	1	2	92	6	7	28	935	0	0	0
0.916	1	1	92	7	2	8	241	0	0	0
0.916	1	3	92	7	3	8	137	0	0	0
0.916	1	6	92	7	4	12	47	0	0	0
0.917	1	1	92	8	2	8	241	0	0	0
0.917	1	3	92	8	3	8	137	0	0	0
0.917	1	6	92	8	4	12	47	0	0	0
0.918	1	1	92	9	2	8	317	0	0	0
0.918	1	3	92	9	3	6	49	0	0	0
0.918	1	6	92	9	4	12	47	0	0	0
0.919	1	1	92	10	2	8	317	0	0	0
0.919	1	3	92	10	3	6	49	0	0	0
0.919	1	6	92	10	4	12	47	0	0	0
0.92	1	1	93	1	2	6	49	0	0	0
0.92	1	3	93	1	3	6	75	0	0	0
0.92	1	6	93	1	4	12	349	0	0	0
0.921	1	1	93	2	2	6	49	0	0	0
0.921	1	3	93	2	3	6	75	0	0	0
0.921	1	6	93	2	4	12	349	0	0	0
0.922	1	1	93	3	2	6	49	0	0	0
0.922	1	3	93	3	3	6	75	0	0	0
0.922	1	6	93	3	4	12	349	0	0	0
0.923	1	1	93	4	2	6	49	0	0	0
0.923	1	3	93	4	3	6	75	0	0	0
0.923	1	6	93	4	4	12	349	0	0	0
0.924	1	1	93	5	2	6	49	0	0	0
0.924	1	3	93	5	3	6	75	0	0	0
0.924	1	6	93	5	4	12	349	0	0	0
0.925	1	1	93	6	2	6	49	0	0	0
0.925	1	3	93	6	3	6	75	0	0	0
0.925	1	6	93	6	4	12	349	0	0	0
0.926	1	1	93	7	2	6	49	0	0	0
0.926	1	3	93	7	3	6	75	0	0	0
0.926	1	6	93	7	4	12	349	0	0	0
0.927	1	1	93	8	2	6	49	0	0	0
0.927	1	3	93	8	3	6	75	0	0	0
0.927	1	6	93	8	4	12	349	0	0	0
0.928	1	1	93	9	2	8	277	0	0	0
0.928	1	3	93	9	3	4	69	0	0	0
0.929	1	1	93	10	2	8	277	0	0	0
0.929	1	3	93	10	3	4	69	0	0	0
0.93	1	1	94	1	2	8	241	0	0	0
0.93	1	3	94	1	3	6	129	0	0	0
0.931	1	1	94	2	2	14	253	0	0	0
0.931	1	3	94	2	3	6	209	0	0	0
0.932	1	1	94	3	2	10	233	0	0	0
0.932	1	3	94	3	3	4	51	0	0	0
0.932	1	4	94	3	8	14	193	0	0	0
0.933	1	1	94	4	2	12	253	0	0	0
0.933	1	3	94	4	3	4	69	0	0	0
0.933	1	4	94	4	8	14	193	0	0	0
0.934	1	1	94	5	2	12	253	0	0	0
0.934	1	3	94	5	3	4	69	0	0	0
0.934	1	4	94	5	8	14	193	0	0	0
0.935	1	1	94	6	2	12	253	0	0	0
0.935	1	3	94	6	3	4	69	0	0	0
0.935	1	4	94	6	8	14	193	0	0	0
0.936	1	1	94	7	2	12	253	0	0	0
0.936	1	3	94	7	3	4	69	0	0	0
0.936	1	4	94	7	8	14	193	0	0	0
0.937	1	1	94	8	2	12	253	0	0	0
0.937	1	3	94	8	3	4	87	0	0	0
0.937	1	4	94	8	8	14	125	0	0	0
0.938	1	1	94	9	2	12	97	0	0	0
0.938	1	3	94	9	3	4	87	0	0	0
0.938	1	4	94	9	8	14	317	0	0	0
0.939	1	3	94	10	3	4	105	0	0	0
0.939	1	4	94	10	8	14	389	0	0	0
0.94	1	3	95	1	3	2	22	0	0	0
0.94	1	4	95	1	8	10	389	0	0	0
0.941	1	3	95	2	3	2	22	0	0	0
0.941	1	4	95	2	8	10	389	0	0	0
0.942	1	3	95	3	3	2	22	0	0	0
0.942	1	4	95	3	8	10	389	0	0	0
0.943	1	3	95	4	3	2	32	0	0	0
0.943	1	4	95	4	8	10	357	0	0	0
0.944	1	3	95	5	3	2	133	0	0	0
0.945	1	3	95	6	3	2	133	0	0	0
0.946	1	3	95	7	3	2	133	0	0	0
0.947	1	3	95	8	3	2	133	0	0	0
0.948	1	3	95	9	3	0	81	0	0	0
0.949	1	3	95	10	3	0	81	0	0	0
0.95	1	3	96	1	3	0	81	0	0	0
0.951	1	5	96	2	1	28	935	0	0	0
0.951	1	3	96	2	3	8	241	0	0	0
0.952	1	5	96	3	1	28	935	0	0	0
0.952	1	3	96	3	3	8	241	0	0	0
0.953	1	5	96	4	1	28	935	0	0	0
0.953	1	3	96	4	3	8	241	0	0	0
0.954	1	5	96	5	1	28	935	0	0	0
0.954	1	3	96	5	3	8	241	0	0	0
0.955	1	3	96	6	3	8	241	0	0	0
0.955	1	2	96	6	7	28	935	0	0	0
0.956	1	3	96	7	3	8	241	0	0	0
0.956	1	2	96	7	7	28	935	0	0	0
0.957	1	3	96	8	3	8	241	0	0	0
0.957	1	2	96	8	7	28	935	0	0	0
0.958	1	3	96	9	3	8	241	0	0	0
0.958	1	2	96	9	7	28	935	0	0	0
0.959	1	3	96	10	3	4	177	0	0	0
0.959	1	6	96	10	4	14	125	0	0	0
0.96	1	3	97	1	3	4	177	0	0	0
0.96	1	6	97	1	4	14	125	0	0	0
0.961	1	3	97	2	3	4	177	0	0	0
0.961	1	6	97	2	4	14	125	0	0	0
0.962	1	3	97	3	3	4	177	0	0	0
0.962	1	6	97	3	4	14	125	0	0	0
0.963	1	3	97	4	3	4	177	0	0	0
0.963	1	6	97	4	4	14	125	0	0	0
0.964	1	3	97	5	3	4	177	0	0	0
0.964	1	6	97	5	4	14	125	0	0	0
0.965	1	3	97	6	3	6	209	0	0	0
0.965	1	6	97	6	4	14	253	0	0	0
0.966	1	6	97	7	4	14	775	0	0	0
0.967	1	6	97	8	4	14	775	0	0	0
0.968	1	6	97	9	4	16	903	0	0	0
0.969	1	1	97	10	2	0	61	0	0	0
0.969	1	4	97	10	8	2	32	0	0	0
0.97	1	1	98	1	2	0	61	0	0	0
0.97	1	4	98	1	8	2	32	0	0	0
0.971	1	1	98	2	2	0	81	0	0	0
0.972	1	1	98	3	2	0	81	0	0	0
0.973	1	1	98	4	2	0	81	0	0	0
0.974	1	1	98	5	2	0	81	0	0	0
0.975	1	1	98	6	2	0	81	0	0	0
0.976	1	1	98	7	2	0	81	0	0	0
0.977	1	1	98	8	2	0	81	0	0	0
0.978	1	1	98	9	2	0	81	0	0	0
0.979	1	1	98	10	2	0	81	0	0	0
0.98	1	1	99	1	2	0	81	0	0	0
0.981	1	1	99	2	2	0	81	0	0	0
0.982	1	1	99	3	2	0	81	0	0	0
0.983	1	1	99	4	2	0	81	0	0	0
0.984	1	1	99	5	2	0	81	0	0	0
0.985	1	1	99	6	2	0	81	0	0	0
0.986	1	1	99	7	2	2	133	0	0	0
0.987	1	1	99	8	2	2	133	0	0	0
0.988	1	1	99	9	2	4	217	0	0	0
0.989	1	1	99	10	2	4	217	0	0	0
0.99	1	1	100	1	2	6	309	0	0	0
0.991	1	5	100	2	1	28	2196	0	0	0
0.992	1	5	100	3	1	28	2196	0	0	0
0.993	1	2	100	4	7	28	2196	0	0	0
0.994	1	6	100	5	4	20	693	0	0	0
0.994	1	2	100	5	7	28	935	0	0	0
0.995	1	6	100	6	4	18	967	0	0	0
0.996	1	1	100	7	2	12	47	0	0	0
0.996	1	6	100	7	4	18	903	0	0	0
0.997	1	1	100	8	2	12	47	0	0	0
0.997	1	6	100	8	4	18	903	0	0	0
0.998	1	1	100	9	2	8	389	0	0	0
0.998	1	4	100	9	8	8	32	0	0	0
0.999	1	1	100	10	2	8	317	0	0	0
0.999	1	4	100	10	8	8	101	0	0	0
1	1	1	101	1	2	10	317	0	0	0
1	1	3	101	1	3	8	32	0	0	0
1	1	4	101	1	8	8	101	0	0	0
1.001	1	1	101	2	2	10	277	0	0	0
1.001	1	3	101	2	3	8	32	0	0	0
1.001	1	4	101	2	8	8	137	0	0	0
1.002	1	1	101	3	2	10	277	0	0	0
1.002	1	3	101	3	3	8	32	0	0	0
1.002	1	4	101	3	8	8	137	0	0	0
1.003	1	1	101	4	2	10	277	0	0	0
1.003	1	3	101	4	3	8	32	0	0	0
1.003	1	4	101	4	8	8	137	0	0	0
1.004	1	1	101	5	2	10	277	0	0	0
1.004	1	3	101	5	3	8	32	0	0	0
1.004	1	4	101	5	8	8	137	0	0	0
1.005	1	1	101	6	2	12	453	0	0	0
1.005	1	4	101	6	8	10	117	0	0	0
1.006	1	3	101	7	3	12	501	0	0	0
1.006	1	4	101	7	8	10	77	0	0	0
1.007	1	3	101	8	3	12	501	0	0	0
1.007	1	4	101	8	8	10	77	0	0	0
1.008	1	3	101	9	3	12	549	0	0	0
1.008	1	4	101	9	8	10	37	0	0	0
1.009	1	3	101	10	3	12	549	0	0	0
1.009	1	4	101	10	8	10	37	0	0	0
1.01	1	3	102	1	3	12	549	0	0	0
1.01	1	4	102	1	8	10	37	0	0	0
1.011	1	3	102	2	3	14	517	0	0	0
1.011	1	4	102	2	8	8	137	0	0	0
1.012	1	4	102	3	8	8	421	0	0	0
1.013	1	4	102	4	8	8	421	0	0	0
1.014	1	3	102	5	3	16	225	0	0	0
1.014	1	4	102	5	8	8	317	0	0	0
1.015	1	3	102	6	3	16	225	0	0	0
1.015	1	4	102	6	8	8	317	0	0	0
1.016	1	3	102	7	3	16	225	0	0	0
1.016	1	4	102	7	8	8	317	0	0	0
1.017	1	3	102	8	3	16	225	0	0	0
1.017	1	4	102	8	8	8	317	0	0	0
1.018	1	3	102	9	3	16	389	0	0	0
1.018	1	4	102	9	8	8	241	0	0	0
1.019	1	3	102	10	3	16	153	0	0	0
1.019	1	4	102	10	8	8	349	0	0	0
1.02	1	4	103	1	8	8	421	0	0	0
1.021	1	4	103	2	8	8	421	0	0	0
1.022	1	4	103	3	8	8	421	0	0	0
1.023	1	4	103	4	8	6	309	0	0	0
1.024	1	4	103	5	8	6	309	0	0	0
1.025	1	4	103	6	8	6	309	0	0	0
1.026	1	5	103	7	1	28	185	0	0	0
1.026	1	1	103	7	2	14	717	0	0	0
1.027	1	5	103	8	1	28	185	0	0	0
1.027	1	1	103	8	2	14	717	0	0	0
1.028	1	5	103	9	1	28	549	0	0	0
1.028	1	1	103	9	2	14	573	0	0	0
1.029	1	5	103	10	1	28	2196	0	0	0
1.03	1	2	104	1	7	28	2196	0	0	0
1.031	1	6	104	2	4	4	217	0	0	0
1.032	1	6	104	3	4	4	217	0	0	0
1.033	1	6	104	4	4	4	217	0	0	0
1.034	1	6	104	5	4	4	217	0	0	0
1.035	1	6	104	6	4	4	217	0	0	0
1.036	1	6	104	7	4	2	133	0	0	0
1.037	1	6	104	8	4	2	133	0	0	0
1.038	1	3	104	9	3	18	79	0	0	0
1.038	1	6	104	9	4	2	121	0	0	0
1.039	1	3	104	10	3	18	79	0	0	0
1.039	1	6	104	10	4	2	121	0	0	0
1.04	1	3	105	1	3	18	79	0	0	0
1.04	1	6	105	1	4	2	121	0	0	0
1.041	1	3	105	2	3	18	79	0	0	0
1.041	1	6	105	2	4	2	121	0	0	0
1.042	1	3	105	3	3	18	79	0	0	0
1.042	1	6	105	3	4	2	121	0	0	0
1.043	1	3	105	4	3	18	79	0	0	0
1.043	1	6	105	4	4	2	121	0	0	0
1.044	1	3	105	5	3	18	79	0	0	0
1.044	1	6	105	5	4	2	121	0	0	0
1.045	1	3	105	6	3	18	79	0	0	0
1.045	1	6	105	6	4	2	121	0	0	0
1.046	1	3	105	7	3	18	161	0	0	0
1.046	1	6	105	7	4	2	109	0	0	0
1.047	1	3	105	8	3	18	161	0	0	0
1.047	1	6	105	8	4	2	109	0	0	0
1.048	1	3	105	9	3	18	241	0	0	0
1.048	1	6	105	9	4	6	233	0	0	0
1.049	1	3	105	10	3	18	241	0	0	0
1.049	1	6	105	10	4	6	233	0	0	0
1.05	1	3	106	1	3	16	225	0	0	0
1.05	1	6	106	1	4	6	233	0	0	0
1.051	1	5	106	2	1	28	1095	0	0	0
1.051	1	1	106	2	2	14	389	0	0	0
1.052	1	5	106	3	1	28	1095	0	0	0
1.052	1	1	106	3	2	14	389	0	0	0
1.053	1	5	106	4	1	28	1095	0	0	0
1.053	1	1	106	4	2	14	389	0	0	0
1.054	1	1	106	5	2	14	317	0	0	0
1.054	1	2	106	5	7	28	1287	0	0	0
1.055	1	1	106	6	2	14	317	0	0	0
1.055	1	2	106	6	7	28	1287	0	0	0
1.056	1	1	106	7	2	14	317	0	0	0
1.056	1	2	106	7	7	28	1287	0	0	0
1.057	1	1	106	8	2	8	241	0	0	0
1.057	1	4	106	8	8	12	253	0	0	0
1.058	1	1	106	9	2	8	241	0	0	0
1.058	1	4	106	9	8	12	253	0	0	0
1.059	1	1	106	10	2	8	241	0	0	0
1.059	1	4	106	10	8	12	253	0	0	0
1.06	1	1	107	1	2	8	241	0	0	0
1.06	1	4	107	1	8	12	253	0	0	0
1.061	1	1	107	2	2	8	32	0	0	0
1.061	1	4	107	2	8	2	121	0	0	0
1.062	1	3	107	3	3	14	645	0	0	0
1.062	1	4	107	3	8	0	11	0	0	0
1.063	1	3	107	4	3	14	645	0	0	0
1.063	1	4	107	4	8	0	11	0	0	0
1.064	1	3	107	5	3	14	573	0	0	0
1.064	1	4	107	5	8	0	19	0	0	0
1.065	1	4	107	6	8	0	81	0	0	0
1.066	1	4	107	7	8	0	81	0	0	0
1.067	1	4	107	8	8	0	81	0	0	0
1.068	1	4	107	9	8	0	81	0	0	0
1.069	1	4	107	10	8	0	81	0	0	0
1.07	1	4	108	1	8	0	81	0	0	0
1.071	1	6	108	2	4	4	32	0	0	0
1.071	1	4	108	2	8	6	261	0	0	0
1.072	1	6	108	3	4	4	32	0	0	0
1.072	1	4	108	3	8	6	261	0	0	0
1.073	1	6	108	4	4	4	32	0	0	0
1.073	1	4	108	4	8	6	261	0	0	0
1.074	1	6	108	5	4	4	141	0	0	0
1.074	1	4	108	5	8	2	41	0	0	0
1.075	1	6	108	6	4	6	185	0	0	0
1.075	1	4	108	6	8	4	87	0	0	0
1.076	1	6	108	7	4	6	185	0	0	0
1.076	1	4	108	7	8	4	87	0	0	0
1.077	1	6	108	8	4	6	185	0	0	0
1.077	1	4	108	8	8	4	87	0	0	0
1.078	1	6	108	9	4	4	15	0	0	0
1.078	1	4	108	9	8	4	193	0	0	0
1.079	1	6	108	10	4	4	15	0	0	0
1.079	1	4	108	10	8	4	193	0	0	0
1.08	1	6	109	1	4	4	15	0	0	0
1.08	1	4	109	1	8	4	193	0	0	0
1.081	1	6	109	2	4	4	15	0	0	0
1.081	1	4	109	2	8	4	193	0	0	0
1.082	1	6	109	3	4	2	9	0	0	0
1.082	1	4	109	3	8	4	193	0	0	0
1.083	1	6	109	4	4	2	9	0	0	0
1.083	1	4	109	4	8	4	193	0	0	0
1.084	1	6	109	5	4	2	9	0	0	0
1.084	1	4	109	5	8	4	193	0	0	0
1.085	1	6	109	6	4	2	9	0	0	0
1.085	1	4	109	6	8	4	193	0	0	0
1.086	1	6	109	7	4	2	87	0	0	0
1.086	1	4	109	7	8	0	26	0	0	0
1.087	1	6	109	8	4	2	87	0	0	0
1.087	1	4	109	8	8	0	26	0	0	0
1.088	1	6	109	9	4	2	87	0	0	0
1.088	1	4	109	9	8	0	26	0	0	0
1.089	1	6	109	10	4	2	87	0	0	0
1.089	1	4	109	10	8	0	26	0	0	0
1.09	1	6	110	1	4	2	87	0	0	0
1.09	1	4	110	1	8	0	26	0	0	0
1.091	1	5	110	2	1	28	1287	0	0	0
1.091	1	6	110	2	4	12	253	0	0	0
1.092	1	5	110	3	1	28	1287	0	0	0
1.092	1	6	110	3	4	14	317	0	0	0
1.093	1	5	110	4	1	28	1287	0	0	0
1.093	1	6	110	4	4	14	317	0	0	0
1.094	1	6	110	5	4	14	317	0	0	0
1.094	1	2	110	5	7	28	1287	0	0	0
1.095	1	6	110	6	4	14	317	0	0	0
1.095	1	2	110	6	7	28	1287	0	0	0
1.096	1	6	110	7	4	10	77	0	0	0
1.096	1	2	110	7	7	28	1095	0	0	0
1.096	1	4	110	7	8	16	309	0	0	0
1.097	1	1	110	8	2	2	9	0	0	0
1.097	1	3	110	8	3	6	101	0	0	0
1.097	1	6	110	8	4	4	105	0	0	0
1.097	1	4	110	8	8	6	22	0	0	0
1.098	1	1	110	9	2	2	9	0	0	0
1.098	1	3	110	9	3	8	67	0	0	0
1.098	1	6	110	9	4	4	15	0	0	0
1.098	1	4	110	9	8	8	277	0	0	0
1.099	1	1	110	10	2	2	9	0	0	0
1.099	1	3	110	10	3	8	67	0	0	0
1.099	1	6	110	10	4	4	15	0	0	0
1.099	1	4	110	10	8	8	277	0	0	0
1.1	1	1	111	1	2	6	129	0	0	0
1.1	1	3	111	1	3	6	75	0	0	0
1.1	1	6	111	1	4	2	9	0	0	0
1.1	1	4	111	1	8	6	75	0	0	0
1.101	1	1	111	2	2	6	129	0	0	0
1.101	1	3	111	2	3	6	75	0	0	0
1.101	1	6	111	2	4	2	9	0	0	0
1.101	1	4	111	2	8	6	75	0	0	0
1.102	1	1	111	3	2	8	173	0	0	0
1.102	1	3	111	3	3	8	67	0	0	0
1.102	1	6	111	3	4	4	32	0	0	0
1.102	1	4	111	3	8	8	101	0	0	0
1.103	1	1	111	4	2	8	173	0	0	0
1.103	1	3	111	4	3	8	67	0	0	0
1.103	1	6	111	4	4	4	32	0	0	0
1.103	1	4	111	4	8	8	101	0	0	0
1.104	1	1	111	5	2	8	137	0	0	0
1.104	1	3	111	5	3	8	101	0	0	0
1.104	1	6	111	5	4	4	32	0	0	0
1.104	1	4	111	5	8	8	101	0	0	0
1.105	1	1	111	6	2	8	137	0	0	0
1.105	1	3	111	6	3	8	101	0	0	0
1.105	1	6	111	6	4	4	32	0	0	0
1.105	1	4	111	6	8	8	101	0	0	0
1.106	1	3	111	7	3	10	37	0	0	0
1.106	1	6	111	7	4	6	101	0	0	0
1.106	1	4	111	7	8	12	349	0	0	0
1.107	1	1	111	8	2	10	193	0	0	0
1.107	1	3	111	8	3	8	32	0	0	0
1.107	1	6	111	8	4	6	101	0	0	0
1.107	1	4	111	8	8	12	97	0	0	0
1.108	1	6	111	9	4	8	421	0	0	0
1.109	1	6	111	10	4	8	421	0	0	0
1.11	1	3	112	1	3	12	47	0	0	0
1.11	1	6	112	1	4	8	389	0	0	0
1.111	1	1	112	2	2	4	51	0	0	0
1.111	1	3	112	2	3	4	87	0	0	0
1.111	1	6	112	2	4	8	137	0	0	0
1.112	1	1	112	3	2	4	51	0	0	0
1.112	1	3	112	3	3	4	87	0	0	0
1.112	1	6	112	3	4	10	157	0	0	0
1.113	1	1	112	4	2	4	51	0	0	0
1.113	1	3	112	4	3	4	87	0	0	0
1.113	1	6	112	4	4	10	157	0	0	0
1.114	1	1	112	5	2	4	51	0	0	0
1.114	1	3	112	5	3	6	129	0	0	0
1.114	1	6	112	5	4	10	157	0	0	0
1.115	1	1	112	6	2	4	51	0	0	0
1.115	1	3	112	6	3	6	129	0	0	0
1.115	1	6	112	6	4	10	157	0	0	0
1.116	1	1	112	7	2	4	32	0	0	0
1.116	1	3	112	7	3	6	129	0	0	0
1.116	1	6	112	7	4	12	253	0	0	0
1.117	1	1	112	8	2	4	32	0	0	0
1.117	1	3	112	8	3	6	129	0	0	0
1.117	1	6	112	8	4	12	253	0	0	0
1.118	1	1	112	9	2	6	49	0	0	0
1.118	1	3	112	9	3	8	173	0	0	0
1.118	1	6	112	9	4	12	253	0	0	0
1.119	1	1	112	10	2	6	49	0	0	0
1.119	1	3	112	10	3	8	173	0	0	0
1.119	1	6	112	10	4	12	253	0	0	0
1.12	1	1	113	1	2	4	141	0	0	0
1.12	1	3	113	1	3	2	41	0	0	0
1.121	1	1	113	2	2	4	141	0	0	0
1.121	1	3	113	2	3	2	41	0	0	0
1.122	1	1	113	3	2	6	185	0	0	0
1.122	1	3	113	3	3	4	87	0	0	0
1.123	1	1	113	4	2	6	185	0	0	0
1.123	1	3	113	4	3	4	87	0	0	0
1.124	1	1	113	5	2	6	185	0	0	0
1.124	1	3	113	5	3	4	87	0	0	0
1.125	1	1	113	6	2	6	185	0	0	0
1.125	1	3	113	6	3	4	87	0	0	0
1.126	1	1	113	7	2	8	67	0	0	0
1.126	1	3	113	7	3	6	261	0	0	0
1.127	1	1	113	8	2	8	67	0	0	0
1.127	1	3	113	8	3	6	261	0	0	0
1.128	1	1	113	9	2	8	67	0	0	0
1.128	1	3	113	9	3	6	261	0	0	0
1.129	1	1	113	10	2	8	67	0	0	0
1.129	1	3	113	10	3	6	261	0	0	0
1.13	1	3	114	1	3	8	421	0	0	0
1.131	1	5	114	2	1	28	1287	0	0	0
1.131	1	1	114	2	2	8	32	0	0	0
1.131	1	3	114	2	3	14	125	0	0	0
1.131	1	4	114	2	8	16	153	0	0	0
1.132	1	5	114	3	1	28	1287	0	0	0
1.132	1	1	114	3	2	8	32	0	0	0
1.132	1	3	114	3	3	14	125	0	0	0
1.132	1	4	114	3	8	16	153	0	0	0
1.133	1	5	114	4	1	28	1287	0	0	0
1.133	1	1	114	4	2	8	32	0	0	0
1.133	1	3	114	4	3	12	47	0	0	0
1.133	1	4	114	4	8	16	225	0	0	0
1.134	1	1	114	5	2	8	32	0	0	0
1.134	1	3	114	5	3	12	201	0	0	0
1.134	1	2	114	5	7	28	935	0	0	0
1.134	1	4	114	5	8	14	125	0	0	0
1.135	1	1	114	6	2	8	32	0	0	0
1.135	1	3	114	6	3	12	201	0	0	0
1.135	1	2	114	6	7	28	935	0	0	0
1.135	1	4	114	6	8	14	125	0	0	0
1.136	1	1	114	7	2	8	67	0	0	0
1.136	1	3	114	7	3	12	201	0	0	0
1.136	1	2	114	7	7	28	935	0	0	0
1.136	1	4	114	7	8	14	61	0	0	0
1.137	1	1	114	8	2	8	67	0	0	0
1.137	1	3	114	8	3	12	201	0	0	0
1.137	1	2	114	8	7	28	935	0	0	0
1.137	1	4	114	8	8	14	61	0	0	0
1.138	1	1	114	9	2	6	75	0	0	0
1.138	1	3	114	9	3	8	67	0	0	0
1.138	1	4	114	9	8	14	453	0	0	0
1.139	1	1	114	10	2	6	75	0	0	0
1.139	1	3	114	10	3	8	67	0	0	0
1.139	1	4	114	10	8	14	453	0	0	0
1.14	1	1	115	1	2	6	129	0	0	0
1.14	1	3	115	1	3	12	201	0	0	0
1.14	1	4	115	1	8	14	193	0	0	0
1.141	1	1	115	2	2	6	153	0	0	0
1.141	1	3	115	2	3	12	201	0	0	0
1.141	1	4	115	2	8	14	125	0	0	0
1.142	1	1	115	3	2	6	153	0	0	0
1.142	1	3	115	3	3	12	201	0	0	0
1.142	1	4	115	3	8	14	125	0	0	0
1.143	1	1	115	4	2	6	153	0	0	0
1.143	1	3	115	4	3	12	201	0	0	0
1.143	1	4	115	4	8	14	125	0	0	0
1.144	1	1	115	5	2	8	277	0	0	0
1.144	1	3	115	5	3	12	97	0	0	0
1.144	1	4	115	5	8	16	153	0	0	0
1.145	1	1	115	6	2	8	277	0	0	0
1.145	1	3	115	6	3	12	97	0	0	0
1.145	1	4	115	6	8	16	153	0	0	0
1.146	1	1	115	7	2	8	277	0	0	0
1.146	1	3	115	7	3	12	97	0	0	0
1.146	1	4	115	7	8	16	153	0	0	0
1.147	1	1	115	8	2	8	277	0	0	0
1.147	1	3	115	8	3	12	149	0	0	0
1.147	1	4	115	8	8	16	75	0	0	0
1.148	1	1	115	9	2	8	277	0	0	0
1.148	1	4	115	9	8	14	253	0	0	0
1.149	1	1	115	10	2	4	217	0	0	0
1.15	1	1	116	1	2	6	309	0	0	0
1.151	1	1	116	2	2	6	153	0	0	0
1.151	1	6	116	2	4	14	389	0	0	0
1.152	1	1	116	3	2	6	129	0	0	0
1.152	1	6	116	3	4	12	349	0	0	0
1.153	1	1	116	4	2	6	129	0	0	0
1.153	1	6	116	4	4	12	349	0	0	0
1.154	1	1	116	5	2	6	153	0	0	0
1.154	1	6	116	5	4	14	389	0	0	0
1.155	1	1	116	6	2	6	153	0	0	0
1.155	1	6	116	6	4	14	389	0	0	0
1.156	1	1	116	7	2	6	153	0	0	0
1.156	1	6	116	7	4	14	389	0	0	0
1.157	1	1	116	8	2	6	153	0	0	0
1.157	1	6	116	8	4	14	389	0	0	0
1.158	1	1	116	9	2	6	185	0	0	0
1.158	1	6	116	9	4	14	317	0	0	0
1.159	1	1	116	10	2	6	185	0	0	0
1.159	1	6	116	10	4	14	317	0	0	0
1.16	1	1	117	1	2	6	309	0	0	0
1.161	1	1	117	2	2	6	309	0	0	0
1.162	1	5	117	3	1	28	935	0	0	0
1.162	1	1	117	3	2	12	201	0	0	0
1.162	1	3	117	3	3	12	149	0	0	0
1.163	1	5	117	4	1	28	1692	0	0	0
1.163	1	3	117	4	3	12	149	0	0	0
1.164	1	3	117	5	3	12	149	0	0	0
1.164	1	2	117	5	7	28	1692	0	0	0
1.165	1	3	117	6	3	6	185	0	0	0
1.165	1	4	117	6	8	8	173	0	0	0
1.166	1	3	117	7	3	6	185	0	0	0
1.166	1	4	117	7	8	8	173	0	0	0
1.167	1	3	117	8	3	6	261	0	0	0
1.167	1	4	117	8	8	8	67	0	0	0
1.168	1	3	117	9	3	6	261	0	0	0
1.168	1	4	117	9	8	8	67	0	0	0
1.169	1	3	117	10	3	6	309	0	0	0
1.17	1	4	118	1	8	2	133	0	0	0
1.171	1	4	118	2	8	0	81	0	0	0
1.172	1	4	118	3	8	0	81	0	0	0
1.173	1	4	118	4	8	0	81	0	0	0
1.174	1	4	118	5	8	0	81	0	0	0
1.175	1	4	118	6	8	0	81	0	0	0
1.176	1	4	118	7	8	0	81	0	0	0
1.177	1	4	118	8	8	0	81	0	0	0
1.178	1	4	118	9	8	0	81	0	0	0
1.179	1	4	118	10	8	0	81	0	0	0
1.18	1	4	119	1	8	0	81	0	0	0
1.181	1	4	119	2	8	0	81	0	0	0
1.182	1	4	119	3	8	0	81	0	0	0
1.183	1	4	119	4	8	0	81	0	0	0
1.184	1	4	119	5	8	0	81	0	0	0
1.185	1	4	119	6	8	0	81	0	0	0
1.186	1	1	119	7	2	16	75	0	0	0
1.186	1	4	119	7	8	0	75	0	0	0
1.187	1	1	119	8	2	16	75	0	0	0
1.187	1	4	119	8	8	0	75	0	0	0
1.188	1	1	119	9	2	16	75	0	0	0
1.188	1	4	119	9	8	0	75	0	0	0
1.189	1	1	119	10	2	16	75	0	0	0
1.189	1	4	119	10	8	0	75	0	0	0
1.19	1	1	120	1	2	16	75	0	0	0
1.19	1	4	120	1	8	0	75	0	0	0
1.191	1	1	120	2	2	14	573	0	0	0
1.191	1	6	120	2	4	18	241	0	0	0
1.192	1	1	120	3	2	14	573	0	0	0
1.192	1	6	120	3	4	18	241	0	0	0
1.193	1	1	120	4	2	14	573	0	0	0
1.193	1	6	120	4	4	18	241	0	0	0
1.194	1	1	120	5	2	14	573	0	0	0
1.194	1	6	120	5	4	18	241	0	0	0
1.195	1	1	120	6	2	14	573	0	0	0
1.195	1	6	120	6	4	18	241	0	0	0
1.196	1	6	120	7	4	16	903	0	0	0
1.197	1	6	120	8	4	16	903	0	0	0
1.198	1	5	120	9	1	28	935	0	0	0
1.198	1	6	120	9	4	16	533	0	0	0
1.199	1	5	120	10	1	28	2196	0	0	0
1.2	1	2	121	1	7	28	2196	0	0	0
1.201	1	2	121	2	7	28	2052	0	0	0
1.201	1	4	121	2	8	14	61	0	0	0
1.202	1	3	121	3	3	4	125	0	0	0
1.202	1	4	121	3	8	8	173	0	0	0
1.203	1	3	121	4	3	4	105	0	0	0
1.203	1	4	121	4	8	6	153	0	0	0
1.204	1	3	121	5	3	4	105	0	0	0
1.204	1	4	121	5	8	6	153	0	0	0
1.205	1	3	121	6	3	4	105	0	0	0
1.205	1	4	121	6	8	6	153	0	0	0
1.206	1	3	121	7	3	6	185	0	0	0
1.206	1	4	121	7	8	8	173	0	0	0
1.207	1	3	121	8	3	6	153	0	0	0
1.207	1	4	121	8	8	8	209	0	0	0
1.208	1	3	121	9	3	6	153	0	0	0
1.208	1	4	121	9	8	8	209	0	0	0
1.209	1	3	121	10	3	6	153	0	0	0
1.209	1	4	121	10	8	8	209	0	0	0
1.21	1	3	122	1	3	6	153	0	0	0
1.21	1	4	122	1	8	8	209	0	0	0
1.211	1	3	122	2	3	6	233	0	0	0
1.211	1	4	122	2	8	14	193	0	0	0
1.212	1	3	122	3	3	8	421	0	0	0
1.213	1	3	122	4	3	8	389	0	0	0
1.213	1	4	122	4	8	16	75	0	0	0
1.214	1	3	122	5	3	8	389	0	0	0
1.214	1	4	122	5	8	16	75	0	0	0
1.215	1	3	122	6	3	8	349	0	0	0
1.215	1	4	122	6	8	16	153	0	0	0
1.216	1	3	122	7	3	8	349	0	0	0
1.216	1	4	122	7	8	16	153	0	0	0
1.217	1	3	122	8	3	8	349	0	0	0
1.217	1	4	122	8	8	16	153	0	0	0
1.218	1	3	122	9	3	8	349	0	0	0
1.218	1	4	122	9	8	16	153	0	0	0
1.219	1	3	122	10	3	8	349	0	0	0
1.219	1	4	122	10	8	16	153	0	0	0
1.22	1	3	123	1	3	8	349	0	0	0
1.22	1	4	123	1	8	16	153	0	0	0
1.221	1	4	123	2	8	0	81	0	0	0
1.222	1	4	123	3	8	0	81	0	0	0
1.223	1	4	123	4	8	0	81	0	0	0
1.224	1	4	123	5	8	0	81	0	0	0
1.225	1	4	123	6	8	0	81	0	0	0
1.226	1	4	123	7	8	0	81	0	0	0
1.227	1	4	123	8	8	0	81	0	0	0
1.228	1	4	123	9	8	0	81	0	0	0
1.229	1	4	123	10	8	0	81	0	0	0
1.23	1	4	124	1	8	0	81	0	0	0
1.231	1	1	124	2	2	14	61	0	0	0
1.231	1	6	124	2	4	18	573	0	0	0
1.231	1	4	124	2	8	14	253	0	0	0
1.232	1	1	124	3	2	14	61	0	0	0
1.232	1	6	124	3	4	20	903	0	0	0
1.232	1	4	124	3	8	16	153	0	0	0
1.233	1	1	124	4	2	14	61	0	0	0
1.233	1	6	124	4	4	20	693	0	0	0
1.233	1	4	124	4	8	14	253	0	0	0
1.234	1	6	124	5	4	20	775	0	0	0
1.234	1	4	124	5	8	14	253	0	0	0
1.235	1	6	124	6	4	20	775	0	0	0
1.235	1	4	124	6	8	14	253	0	0	0
1.236	1	5	124	7	1	28	1095	0	0	0
1.236	1	1	124	7	2	14	61	0	0	0
1.236	1	4	124	7	8	12	253	0	0	0
1.237	1	5	124	8	1	28	1095	0	0	0
1.237	1	1	124	8	2	14	61	0	0	0
1.237	1	4	124	8	8	12	253	0	0	0
1.238	1	5	124	9	1	28	1287	0	0	0
1.238	1	4	124	9	8	12	253	0	0	0
1.239	1	1	124	10	2	12	97	0	0	0
1.239	1	2	124	10	7	26	1527	0	0	0
1.24	1	1	125	1	2	10	117	0	0	0
1.24	1	2	125	1	7	28	1692	0	0	0
1.241	1	1	125	2	2	0	81	0	0	0
1.242	1	1	125	3	2	0	81	0	0	0
1.243	1	1	125	4	2	0	81	0	0	0
1.244	1	1	125	5	2	0	81	0	0	0
1.245	1	1	125	6	2	0	81	0	0	0
1.246	1	1	125	7	2	0	81	0	0	0
1.247	1	1	125	8	2	0	81	0	0	0
1.248	1	1	125	9	2	0	81	0	0	0
1.249	1	1	125	10	2	0	81	0	0	0
1.25	1	1	126	1	2	0	81	0	0	0
1.251	1	1	126	2	2	8	67	0	0	0
1.251	1	3	126	2	3	14	645	0	0	0
1.252	1	1	126	3	2	6	49	0	0	0
1.252	1	3	126	3	3	14	645	0	0	0
1.253	1	1	126	4	2	6	49	0	0	0
1.253	1	3	126	4	3	14	645	0	0	0
1.254	1	1	126	5	2	6	22	0	0	0
1.254	1	3	126	5	3	12	549	0	0	0
1.255	1	1	126	6	2	6	22	0	0	0
1.255	1	3	126	6	3	12	549	0	0	0
1.256	1	1	126	7	2	0	41	0	0	0
1.256	1	3	126	7	3	12	301	0	0	0
1.257	1	1	126	8	2	0	81	0	0	0
1.258	1	1	126	9	2	0	81	0	0	0
1.259	1	1	126	10	2	0	81	0	0	0
1.26	1	1	127	1	2	0	81	0	0	0
1.261	1	1	127	2	2	0	81	0	0	0
1.262	1	1	127	3	2	0	81	0	0	0
1.263	1	1	127	4	2	0	81	0	0	0
1.264	1	1	127	5	2	2	133	0	0	0
1.265	1	1	127	6	2	2	133	0	0	0
1.266	1	1	127	7	2	2	133	0	0	0
1.267	1	1	127	8	2	2	133	0	0	0
1.268	1	1	127	9	2	2	133	0	0	0
1.269	1	1	127	10	2	2	133	0	0	0
1.27	1	1	128	1	2	4	217	0	0	0
1.271	1	5	128	2	1	28	2196	0	0	0
1.272	1	5	128	3	1	28	1095	0	0	0
1.272	1	6	128	3	4	16	453	0	0	0
1.273	1	6	128	4	4	16	453	0	0	0
1.273	1	2	128	4	7	28	1095	0	0	0
1.274	1	1	128	5	2	12	97	0	0	0
1.274	1	6	128	5	4	16	153	0	0	0
1.274	1	2	128	5	7	28	1479	0	0	0
1.275	1	1	128	6	2	12	97	0	0	0
1.275	1	6	128	6	4	16	153	0	0	0
1.275	1	2	128	6	7	28	1479	0	0	0
1.276	1	1	128	7	2	10	357	0	0	0
1.276	1	6	128	7	4	14	193	0	0	0
1.277	1	1	128	8	2	10	357	0	0	0
1.277	1	6	128	8	4	14	193	0	0	0
1.278	1	1	128	9	2	10	389	0	0	0
1.278	1	6	128	9	4	14	125	0	0	0
1.279	1	1	128	10	2	10	389	0	0	0
1.279	1	6	128	10	4	14	125	0	0	0
1.28	1	1	129	1	2	10	437	0	0	0
1.28	1	6	129	1	4	14	61	0	0	0
1.281	1	1	129	2	2	10	437	0	0	0
1.281	1	6	129	2	4	14	61	0	0	0
1.282	1	1	129	3	2	8	389	0	0	0
1.282	1	6	129	3	4	14	61	0	0	0
1.283	1	1	129	4	2	8	349	0	0	0
1.283	1	6	129	4	4	14	61	0	0	0
1.283	1	4	129	4	8	10	37	0	0	0
1.284	1	6	129	5	4	8	277	0	0	0
1.284	1	4	129	5	8	8	137	0	0	0
1.285	1	6	129	6	4	8	277	0	0	0
1.285	1	4	129	6	8	8	137	0	0	0
1.286	1	6	129	7	4	8	241	0	0	0
1.286	1	4	129	7	8	6	129	0	0	0
1.287	1	6	129	8	4	8	173	0	0	0
1.287	1	4	129	8	8	6	185	0	0	0
1.288	1	6	129	9	4	6	101	0	0	0
1.288	1	4	129	9	8	4	141	0	0	0
1.289	1	4	129	10	8	0	81	0	0	0
1.29	1	4	130	1	8	0	81	0	0	0
1.291	1	3	130	2	3	14	317	0	0	0
1.291	1	4	130	2	8	8	241	0	0	0
1.292	1	3	130	3	3	14	317	0	0	0
1.292	1	4	130	3	8	8	241	0	0	0
1.293	1	3	130	4	3	14	317	0	0	0
1.293	1	4	130	4	8	8	241	0	0	0
1.294	1	3	130	5	3	14	317	0	0	0
1.294	1	4	130	5	8	8	241	0	0	0
1.295	1	3	130	6	3	14	253	0	0	0
1.295	1	4	130	6	8	8	277	0	0	0
1.296	1	3	130	7	3	14	253	0	0	0
1.296	1	4	130	7	8	8	277	0	0	0
1.297	1	3	130	8	3	14	253	0	0	0
1.297	1	4	130	8	8	8	277	0	0	0
1.298	1	3	130	9	3	14	253	0	0	0
1.298	1	4	130	9	8	8	277	0	0	0
1.299	1	3	130	10	3	14	253	0	0	0
1.299	1	4	130	10	8	8	277	0	0	0
1.3	1	3	131	1	3	14	253	0	0	0
1.3	1	4	131	1	8	8	277	0	0	0
1.301	1	3	131	2	3	14	253	0	0	0
1.301	1	4	131	2	8	8	277	0	0	0
1.302	1	3	131	3	3	14	253	0	0	0
1.302	1	4	131	3	8	8	277	0	0	0
1.303	1	4	131	4	8	2	133	0	0	0
1.304	1	4	131	5	8	2	133	0	0	0
1.305	1	4	131	6	8	2	133	0	0	0
1.306	1	4	131	7	8	2	133	0	0	0
1.307	1	1	131	8	2	14	717	0	0	0
1.307	1	4	131	8	8	12	47	0	0	0
1.308	1	1	131	9	2	14	775	0	0	0
1.309	1	5	131	10	1	28	1095	0	0	0
1.309	1	1	131	10	2	14	389	0	0	0
1.31	1	5	132	1	1	28	2196	0	0	0
1.311	1	2	132	2	7	28	2196	0	0	0
1.312	1	2	132	3	7	28	2196	0	0	0
1.313	1	6	132	4	4	8	421	0	0	0
1.314	1	6	132	5	4	10	469	0	0	0
1.315	1	6	132	6	4	10	469	0	0	0
1.316	1	6	132	7	4	10	469	0	0	0
1.317	1	6	132	8	4	10	469	0	0	0
1.318	1	6	132	9	4	10	469	0	0	0
1.319	1	6	132	10	4	10	469	0	0	0
1.32	1	1	133	1	2	16	839	0	0	0
1.32	1	4	133	1	8	14	61	0	0	0
1.321	1	1	133	2	2	16	839	0	0	0
1.321	1	4	133	2	8	14	61	0	0	0
1.322	1	5	133	3	1	28	935	0	0	0
1.322	1	4	133	3	8	12	349	0	0	0
1.323	1	5	133	4	1	28	935	0	0	0
1.323	1	4	133	4	8	12	349	0	0	0
1.324	1	3	133	5	3	8	32	0	0	0
1.324	1	4	133	5	8	8	389	0	0	0
1.325	1	3	133	6	3	8	32	0	0	0
1.325	1	4	133	6	8	8	389	0	0	0
1.326	1	3	133	7	3	4	217	0	0	0
1.327	1	3	133	8	3	4	217	0	0	0
1.328	1	3	133	9	3	2	133	0	0	0
1.329	1	3	133	10	3	2	133	0	0	0
1.33	1	3	134	1	3	0	81	0	0	0
1.331	1	1	134	2	2	18	79	0	0	0
1.331	1	3	134	2	3	2	121	0	0	0
1.332	1	1	134	3	2	18	241	0	0	0
1.332	1	3	134	3	3	4	161	0	0	0
1.333	1	1	134	4	2	18	241	0	0	0
1.333	1	3	134	4	3	4	161	0	0	0
1.334	1	1	134	5	2	18	241	0	0	0
1.334	1	3	134	5	3	4	161	0	0	0
1.335	1	1	134	6	2	18	241	0	0	0
1.335	1	3	134	6	3	4	161	0	0	0
1.336	1	1	134	7	2	18	241	0	0	0
1.336	1	3	134	7	3	2	97	0	0	0
1.337	1	3	134	8	3	0	81	0	0	0
1.338	1	3	134	9	3	0	81	0	0	0
1.339	1	3	134	10	3	0	81	0	0	0
1.34	1	3	135	1	3	0	81	0	0	0
1.341	1	3	135	2	3	0	81	0	0	0
1.342	1	3	135	3	3	0	81	0	0	0
1.343	1	3	135	4	3	0	81	0	0	0
1.344	1	3	135	5	3	0	81	0	0	0
1.345	1	3	135	6	3	0	81	0	0	0
1.346	1	1	135	7	2	14	717	0	0	0
1.346	1	3	135	7	3	10	37	0	0	0
1.347	1	3	135	8	3	0	81	0	0	0
1.348	1	3	135	9	3	0	81	0	0	0
1.349	1	3	135	10	3	0	81	0	0	0
1.35	1	3	136	1	3	0	81	0	0	0
1.351	1	6	136	2	4	16	903	0	0	0
1.352	1	6	136	3	4	18	967	0	0	0
1.353	1	6	136	4	4	18	967	0	0	0
1.354	1	6	136	5	4	18	967	0	0	0
1.355	1	5	136	6	1	28	749	0	0	0
1.355	1	4	136	6	8	12	405	0	0	0
1.356	1	5	136	7	1	28	749	0	0	0
1.356	1	4	136	7	8	12	405	0	0	0
1.357	1	5	136	8	1	28	749	0	0	0
1.357	1	4	136	8	8	12	405	0	0	0
1.358	1	5	136	9	1	28	1692	0	0	0
1.358	1	4	136	9	8	14	193	0	0	0
1.359	1	2	136	10	7	28	749	0	0	0
1.359	1	4	136	10	8	12	405	0	0	0
1.36	1	2	137	1	7	28	749	0	0	0
1.36	1	4	137	1	8	12	405	0	0	0
1.361	1	2	137	2	7	28	549	0	0	0
1.361	1	4	137	2	8	12	453	0	0	0
1.362	1	2	137	3	7	28	549	0	0	0
1.362	1	4	137	3	8	12	453	0	0	0
1.363	1	2	137	4	7	28	2196	0	0	0
1.364	1	3	137	5	3	0	81	0	0	0
1.365	1	3	137	6	3	0	81	0	0	0
1.366	1	3	137	7	3	0	81	0	0	0
1.367	1	3	137	8	3	0	81	0	0	0
1.368	1	3	137	9	3	0	81	0	0	0
1.369	1	3	137	10	3	0	81	0	0	0
1.37	1	3	138	1	3	0	81	0	0	0
1.371	1	1	138	2	2	8	241	0	0	0
1.371	1	3	138	2	3	8	173	0	0	0
1.372	1	1	138	3	2	8	241	0	0	0
1.372	1	3	138	3	3	8	173	0	0	0
1.373	1	1	138	4	2	8	241	0	0	0
1.373	1	3	138	4	3	8	173	0	0	0
1.374	1	1	138	5	2	8	241	0	0	0
1.374	1	3	138	5	3	8	173	0	0	0
1.375	1	1	138	6	2	8	241	0	0	0
1.375	1	3	138	6	3	8	173	0	0	0
1.376	1	1	138	7	2	8	241	0	0	0
1.376	1	3	138	7	3	8	173	0	0	0
1.377	1	1	138	8	2	8	241	0	0	0
1.377	1	3	138	8	3	8	173	0	0	0
1.378	1	1	138	9	2	8	241	0	0	0
1.378	1	3	138	9	3	8	173	0	0	0
1.379	1	1	138	10	2	8	241	0	0	0
1.379	1	3	138	10	3	8	173	0	0	0
1.38	1	1	139	1	2	8	241	0	0	0
1.38	1	3	139	1	3	8	173	0	0	0
1.381	1	1	139	2	2	8	241	0	0	0
1.381	1	3	139	2	3	8	173	0	0	0
1.382	1	1	139	3	2	8	241	0	0	0
1.382	1	3	139	3	3	8	173	0	0	0
1.383	1	1	139	4	2	8	241	0	0	0
1.383	1	3	139	4	3	8	173	0	0	0
1.384	1	3	139	5	3	0	81	0	0	0
1.385	1	3	139	6	3	0	81	0	0	0
1.386	1	3	139	7	3	0	81	0	0	0
1.387	1	3	139	8	3	0	81	0	0	0
1.388	1	3	139	9	3	0	81	0	0	0
1.389	1	3	139	10	3	0	81	0	0	0
1.39	1	3	140	1	3	0	81	0	0	0
1.391	1	6	140	2	4	22	807	0	0	0
1.391	1	4	140	2	8	16	389	0	0	0
1.392	1	6	140	3	4	22	807	0	0	0
1.392	1	4	140	3	8	16	389	0	0	0
1.393	1	6	140	4	4	22	807	0	0	0
1.393	1	4	140	4	8	16	389	0	0	0
1.394	1	6	140	5	4	22	807	0	0	0
1.394	1	4	140	5	8	16	389	0	0	0
1.395	1	5	140	6	1	28	935	0	0	0
1.395	1	4	140	6	8	14	453	0	0	0
1.396	1	5	140	7	1	28	935	0	0	0
1.396	1	4	140	7	8	14	453	0	0	0
1.397	1	5	140	8	1	28	935	0	0	0
1.397	1	4	140	8	8	14	453	0	0	0
1.398	1	5	140	9	1	28	935	0	0	0
1.398	1	4	140	9	8	14	453	0	0	0
1.399	1	3	140	10	3	12	97	0	0	0
1.399	1	2	140	10	7	28	1836	0	0	0
1.4	1	3	141	1	3	12	97	0	0	0
1.4	1	2	141	1	7	28	1836	0	0	0
1.401	1	3	141	2	3	0	81	0	0	0
1.402	1	3	141	3	3	0	81	0	0	0
1.403	1	3	141	4	3	0	81	0	0	0
1.404	1	3	141	5	3	0	81	0	0	0
1.405	1	3	141	6	3	0	81	0	0	0
1.406	1	3	141	7	3	0	81	0	0	0
1.407	1	3	141	8	3	0	81	0	0	0
1.408	1	3	141	9	3	0	81	0	0	0
1.409	1	3	141	10	3	0	81	0	0	0
1.41	1	3	142	1	3	0	81	0	0	0
1.411	1	1	142	2	2	12	501	0	0	0
1.411	1	3	142	2	3	10	77	0	0	0
1.412	1	1	142	3	2	12	501	0	0	0
1.412	1	3	142	3	3	10	77	0	0	0
1.413	1	1	142	4	2	12	501	0	0	0
1.413	1	3	142	4	3	10	77	0	0	0
1.414	1	1	142	5	2	12	501	0	0	0
1.414	1	3	142	5	3	10	77	0	0	0
1.415	1	1	142	6	2	12	501	0	0	0
1.415	1	3	142	6	3	10	77	0	0	0
1.416	1	1	142	7	2	14	645	0	0	0
1.416	1	3	142	7	3	10	77	0	0	0
1.417	1	3	142	8	3	0	81	0	0	0
1.418	1	3	142	9	3	0	81	0	0	0
1.419	1	3	142	10	3	0	81	0	0	0
1.42	1	3	143	1	3	0	81	0	0	0
1.421	1	3	143	2	3	0	81	0	0	0
1.422	1	3	143	3	3	0	81	0	0	0
1.423	1	3	143	4	3	0	81	0	0	0
1.424	1	3	143	5	3	0	81	0	0	0
1.425	1	3	143	6	3	0	81	0	0	0
1.426	1	3	143	7	3	0	81	0	0	0
1.427	1	3	143	8	3	0	81	0	0	0
1.428	1	3	143	9	3	0	81	0	0	0
1.429	1	3	143	10	3	0	81	0	0	0
1.43	1	3	144	1	3	0	81	0	0	0
1.431	1	5	144	2	1	28	749	0	0	0
1.431	1	4	144	2	8	14	517	0	0	0
1.432	1	5	144	3	1	28	749	0	0	0
1.432	1	4	144	3	8	14	517	0	0	0
1.433	1	5	144	4	1	28	935	0	0	0
1.433	1	4	144	4	8	14	453	0	0	0
1.434	1	5	144	5	1	28	935	0	0	0
1.434	1	4	144	5	8	14	453	0	0	0
1.435	1	6	144	6	4	18	325	0	0	0
1.435	1	2	144	6	7	28	373	0	0	0
1.435	1	4	144	6	8	14	389	0	0	0
1.436	1	6	144	7	4	18	325	0	0	0
1.436	1	2	144	7	7	28	373	0	0	0
1.436	1	4	144	7	8	14	389	0	0	0
1.437	1	6	144	8	4	18	325	0	0	0
1.437	1	2	144	8	7	28	373	0	0	0
1.437	1	4	144	8	8	14	389	0	0	0
1.438	1	6	144	9	4	18	325	0	0	0
1.438	1	2	144	9	7	28	1479	0	0	0
1.439	1	6	144	10	4	18	325	0	0	0
1.439	1	2	144	10	7	28	1479	0	0	0
1.44	1	3	145	1	3	8	67	0	0	0
1.44	1	6	145	1	4	14	645	0	0	0
1.441	1	3	145	2	3	8	67	0	0	0
1.441	1	6	145	2	4	14	645	0	0	0
1.442	1	3	145	3	3	8	67	0	0	0
1.442	1	6	145	3	4	14	645	0	0	0
1.443	1	3	145	4	3	0	81	0	0	0
1.444	1	3	145	5	3	0	81	0	0	0
1.445	1	3	145	6	3	0	81	0	0	0
1.446	1	3	145	7	3	0	81	0	0	0
1.447	1	3	145	8	3	0	81	0	0	0
1.448	1	3	145	9	3	0	81	0	0	0
1.449	1	3	145	10	3	0	81	0	0	0
1.45	1	3	146	1	3	0	81	0	0	0
1.451	1	1	146	2	2	12	501	0	0	0
1.451	1	3	146	2	3	8	67	0	0	0
1.452	1	1	146	3	2	10	389	0	0	0
1.452	1	3	146	3	3	8	67	0	0	0
1.453	1	1	146	4	2	10	193	0	0	0
1.453	1	3	146	4	3	6	185	0	0	0
1.454	1	1	146	5	2	10	157	0	0	0
1.454	1	3	146	5	3	6	209	0	0	0
1.455	1	1	146	6	2	10	357	0	0	0
1.455	1	3	146	6	3	8	101	0	0	0
1.456	1	1	146	7	2	10	117	0	0	0
1.456	1	3	146	7	3	6	233	0	0	0
1.457	1	1	146	8	2	10	277	0	0	0
1.457	1	3	146	8	3	8	173	0	0	0
1.458	1	1	146	9	2	8	101	0	0	0
1.458	1	3	146	9	3	6	233	0	0	0
1.459	1	1	146	10	2	8	101	0	0	0
1.459	1	3	146	10	3	6	233	0	0	0
1.46	1	1	147	1	2	8	67	0	0	0
1.46	1	3	147	1	3	6	261	0	0	0
1.461	1	1	147	2	2	8	67	0	0	0
1.461	1	3	147	2	3	6	261	0	0	0
1.462	1	1	147	3	2	8	67	0	0	0
1.462	1	3	147	3	3	6	261	0	0	0
1.463	1	1	147	4	2	8	67	0	0	0
1.463	1	3	147	4	3	6	261	0	0	0
1.464	1	1	147	5	2	6	22	0	0	0
1.464	1	3	147	5	3	4	193	0	0	0
1.465	1	1	147	6	2	6	22	0	0	0
1.465	1	3	147	6	3	4	193	0	0	0
1.466	1	1	147	7	2	4	217	0	0	0
1.467	1	1	147	8	2	4	217	0	0	0
1.468	1	1	147	9	2	4	217	0	0	0
1.469	1	5	147	10	1	28	2196	0	0	0
1.47	1	6	148	1	4	18	405	0	0	0
1.47	1	2	148	1	7	28	1287	0	0	0
1.471	1	6	148	2	4	18	405	0	0	0
1.471	1	2	148	2	7	28	1287	0	0	0
1.472	1	6	148	3	4	18	405	0	0	0
1.472	1	2	148	3	7	28	1287	0	0	0
1.473	1	6	148	4	4	14	645	0	0	0
1.473	1	4	148	4	8	8	67	0	0	0
1.474	1	6	148	5	4	14	645	0	0	0
1.474	1	4	148	5	8	8	67	0	0	0
1.475	1	6	148	6	4	14	645	0	0	0
1.475	1	4	148	6	8	8	67	0	0	0
1.476	1	4	148	7	8	0	81	0	0	0
1.477	1	4	148	8	8	2	133	0	0	0
1.478	1	4	148	9	8	2	133	0	0	0
1.479	1	4	148	10	8	4	217	0	0	0
1.48	1	4	149	1	8	4	217	0	0	0
1.481	1	4	149	2	8	6	309	0	0	0
1.482	1	4	149	3	8	6	309	0	0	0
1.483	1	4	149	4	8	8	421	0	0	0
1.484	1	4	149	5	8	8	421	0	0	0
1.485	1	4	149	6	8	8	421	0	0	0
1.486	1	4	149	7	8	8	421	0	0	0
1.487	1	5	149	8	1	28	373	0	0	0
1.487	1	3	149	8	3	10	389	0	0	0
1.488	1	5	149	9	1	28	373	0	0	0
1.488	1	3	149	9	3	10	389	0	0	0
1.489	1	5	149	10	1	28	373	0	0	0
1.489	1	3	149	10	3	10	389	0	0	0
1.49	1	5	150	1	1	28	749	0	0	0
1.49	1	3	150	1	3	12	405	0	0	0
1.491	1	1	150	2	2	0	81	0	0	0
1.492	1	1	150	3	2	0	81	0	0	0
1.493	1	1	150	4	2	0	81	0	0	0
1.494	1	1	150	5	2	0	81	0	0	0
1.495	1	1	150	6	2	0	81	0	0	0
1.496	1	1	150	7	2	0	81	0	0	0
1.497	1	1	150	8	2	0	81	0	0	0
1.498	1	1	150	9	2	0	81	0	0	0
1.499	1	1	150	10	2	0	75	0	0	0
1.499	1	4	150	10	8	20	97	0	0	0
1.5	1	1	151	1	2	2	133	0	0	0
1.501	1	1	151	2	2	2	133	0	0	0
1.502	1	1	151	3	2	4	217	0	0	0
1.503	1	1	151	4	2	4	217	0	0	0
1.504	1	1	151	5	2	4	217	0	0	0
1.505	1	1	151	6	2	4	217	0	0	0
1.506	1	1	151	7	2	0	81	0	0	0
1.507	1	1	151	8	2	0	81	0	0	0
1.508	1	1	151	9	2	0	81	0	0	0
1.509	1	1	151	10	2	6	101	0	0	0
1.509	1	4	151	10	8	6	209	0	0	0
1.51	1	1	152	1	2	6	101	0	0	0
1.51	1	4	152	1	8	6	209	0	0	0
1.511	1	5	152	2	1	28	749	0	0	0
1.511	1	3	152	2	3	12	253	0	0	0
1.511	1	4	152	2	8	14	193	0	0	0
1.512	1	5	152	3	1	28	1095	0	0	0
1.512	1	3	152	3	3	12	149	0	0	0
1.512	1	4	152	3	8	14	193	0	0	0
1.513	1	5	152	4	1	28	935	0	0	0
1.513	1	3	152	4	3	12	149	0	0	0
1.513	1	4	152	4	8	14	253	0	0	0
1.514	1	5	152	5	1	28	1095	0	0	0
1.514	1	3	152	5	3	12	97	0	0	0
1.514	1	4	152	5	8	14	253	0	0	0
1.515	1	3	152	6	3	10	277	0	0	0
1.515	1	2	152	6	7	28	185	0	0	0
1.515	1	4	152	6	8	14	253	0	0	0
1.516	1	3	152	7	3	10	233	0	0	0
1.516	1	2	152	7	7	28	373	0	0	0
1.516	1	4	152	7	8	14	253	0	0	0
1.517	1	3	152	8	3	10	233	0	0	0
1.517	1	2	152	8	7	28	373	0	0	0
1.517	1	4	152	8	8	14	253	0	0	0
1.518	1	3	152	9	3	10	193	0	0	0
1.518	1	2	152	9	7	28	549	0	0	0
1.518	1	4	152	9	8	14	253	0	0	0
1.519	1	3	152	10	3	10	193	0	0	0
1.519	1	2	152	10	7	28	549	0	0	0
1.519	1	4	152	10	8	14	253	0	0	0
1.52	1	3	153	1	3	10	157	0	0	0
1.52	1	2	153	1	7	28	749	0	0	0
1.52	1	4	153	1	8	14	253	0	0	0
1.521	1	3	153	2	3	8	101	0	0	0
1.521	1	2	153	2	7	28	749	0	0	0
1.521	1	4	153	2	8	14	317	0	0	0
1.522	1	1	153	3	2	8	137	0	0	0
1.522	1	3	153	3	3	6	101	0	0	0
1.522	1	6	153	3	4	12	201	0	0	0
1.523	1	1	153	4	2	8	137	0	0	0
1.523	1	3	153	4	3	6	101	0	0	0
1.523	1	6	153	4	4	12	201	0	0	0
1.524	1	1	153	5	2	8	137	0	0	0
1.524	1	3	153	5	3	6	75	0	0	0
1.524	1	6	153	5	4	12	253	0	0	0
1.525	1	1	153	6	2	8	137	0	0	0
1.525	1	3	153	6	3	6	75	0	0	0
1.525	1	6	153	6	4	12	253	0	0	0
1.526	1	1	153	7	2	8	173	0	0	0
1.526	1	3	153	7	3	6	22	0	0	0
1.526	1	6	153	7	4	14	389	0	0	0
1.527	1	1	153	8	2	8	173	0	0	0
1.527	1	3	153	8	3	6	22	0	0	0
1.527	1	6	153	8	4	14	389	0	0	0
1.528	1	1	153	9	2	8	173	0	0	0
1.528	1	3	153	9	3	6	22	0	0	0
1.528	1	6	153	9	4	14	389	0	0	0
1.529	1	1	153	10	2	8	173	0	0	0
1.529	1	3	153	10	3	6	22	0	0	0
1.529	1	6	153	10	4	14	389	0	0	0
1.53	1	1	154	1	2	8	32	0	0	0
1.53	1	3	154	1	3	8	137	0	0	0
1.53	1	6	154	1	4	12	349	0	0	0
1.531	1	1	154	2	2	8	32	0	0	0
1.531	1	3	154	2	3	8	137	0	0	0
1.531	1	6	154	2	4	12	349	0	0	0
1.532	1	1	154	3	2	8	32	0	0	0
1.532	1	3	154	3	3	8	137	0	0	0
1.532	1	6	154	3	4	14	453	0	0	0
1.533	1	1	154	4	2	8	32	0	0	0
1.533	1	3	154	4	3	8	137	0	0	0
1.533	1	6	154	4	4	14	453	0	0	0
1.534	1	1	154	5	2	8	32	0	0	0
1.534	1	3	154	5	3	8	137	0	0	0
1.534	1	6	154	5	4	14	453	0	0	0
1.535	1	1	154	6	2	8	32	0	0	0
1.535	1	3	154	6	3	8	137	0	0	0
1.535	1	6	154	6	4	14	453	0	0	0
1.536	1	1	154	7	2	4	105	0	0	0
1.536	1	3	154	7	3	4	105	0	0	0
1.537	1	1	154	8	2	4	105	0	0	0
1.537	1	3	154	8	3	4	105	0	0	0
1.538	1	1	154	9	2	4	105	0	0	0
1.538	1	3	154	9	3	6	153	0	0	0
1.539	1	1	154	10	2	4	105	0	0	0
1.539	1	3	154	10	3	6	153	0	0	0
1.54	1	1	155	1	2	6	153	0	0	0
1.54	1	3	155	1	3	6	153	0	0	0
1.541	1	1	155	2	2	6	153	0	0	0
1.541	1	3	155	2	3	6	153	0	0	0
1.542	1	1	155	3	2	6	153	0	0	0
1.542	1	3	155	3	3	6	153	0	0	0
1.543	1	1	155	4	2	6	153	0	0	0
1.543	1	3	155	4	3	6	153	0	0	0
1.544	1	1	155	5	2	8	241	0	0	0
1.544	1	3	155	5	3	8	173	0	0	0
1.545	1	1	155	6	2	8	241	0	0	0
1.545	1	3	155	6	3	8	173	0	0	0
1.546	1	1	155	7	2	8	421	0	0	0
1.547	1	1	155	8	2	8	421	0	0	0
1.548	1	1	155	9	2	8	421	0	0	0
1.549	1	5	155	10	1	28	1479	0	0	0
1.549	1	4	155	10	8	14	253	0	0	0
1.55	1	5	156	1	1	28	549	0	0	0
1.55	1	2	156	1	7	28	935	0	0	0
1.55	1	4	156	1	8	14	253	0	0	0
1.551	1	2	156	2	7	28	1479	0	0	0
1.551	1	4	156	2	8	14	253	0	0	0
1.552	1	2	156	3	7	28	1479	0	0	0
1.552	1	4	156	3	8	14	253	0	0	0
1.553	1	4	156	4	8	2	133	0	0	0
1.554	1	4	156	5	8	2	133	0	0	0
1.555	1	4	156	6	8	2	133	0	0	0
1.556	1	4	156	7	8	2	133	0	0	0
1.557	1	4	156	8	8	2	133	0	0	0
1.558	1	4	156	9	8	2	133	0	0	0
1.559	1	4	156	10	8	2	133	0	0	0
1.56	1	4	157	1	8	2	133	0	0	0
1.561	1	4	157	2	8	2	133	0	0	0
1.562	1	4	157	3	8	2	133	0	0	0
1.563	1	4	157	4	8	2	133	0	0	0
1.564	1	4	157	5	8	2	133	0	0	0
1.565	1	4	157	6	8	2	133	0	0	0
1.566	1	4	157	7	8	2	133	0	0	0
1.567	1	4	157	8	8	2	133	0	0	0
1.568	1	4	157	9	8	2	133	0	0	0
1.569	1	3	157	10	3	14	775	0	0	0
1.57	1	3	158	1	3	14	775	0	0	0
1.571	1	5	158	2	1	28	1287	0	0	0
1.571	1	1	158	2	2	12	253	0	0	0
1.572	1	5	158	3	1	28	1287	0	0	0
1.572	1	1	158	3	2	12	253	0	0	0
1.573	1	5	158	4	1	28	1287	0	0	0
1.573	1	1	158	4	2	12	253	0	0	0
1.574	1	1	158	5	2	6	233	0	0	0
1.574	1	6	158	5	4	10	117	0	0	0
1.575	1	1	158	6	2	6	233	0	0	0
1.575	1	6	158	6	4	10	117	0	0	0
1.576	1	1	158	7	2	8	277	0	0	0
1.576	1	6	158	7	4	10	157	0	0	0
1.577	1	1	158	8	2	8	277	0	0	0
1.577	1	6	158	8	4	10	157	0	0	0
1.578	1	1	158	9	2	8	277	0	0	0
1.578	1	6	158	9	4	12	201	0	0	0
1.579	1	1	158	10	2	8	277	0	0	0
1.579	1	6	158	10	4	12	201	0	0	0
1.58	1	1	159	1	2	10	277	0	0	0
1.58	1	6	159	1	4	12	253	0	0	0
1.581	1	1	159	2	2	10	277	0	0	0
1.581	1	6	159	2	4	12	253	0	0	0
1.582	1	1	159	3	2	10	233	0	0	0
1.582	1	6	159	3	4	12	301	0	0	0
1.583	1	6	159	4	4	12	597	0	0	0
1.584	1	6	159	5	4	14	775	0	0	0
1.585	1	3	159	6	3	16	903	0	0	0
1.586	1	3	159	7	3	18	967	0	0	0
1.587	1	2	159	8	7	28	2196	0	0	0
1.588	1	4	159	9	8	0	81	0	0	0
1.589	1	4	159	10	8	0	81	0	0	0
1.59	1	4	160	1	8	0	81	0	0	0
1.591	1	3	160	2	3	18	79	0	0	0
1.591	1	4	160	2	8	2	121	0	0	0
1.592	1	3	160	3	3	18	79	0	0	0
1.592	1	4	160	3	8	2	121	0	0	0
1.593	1	3	160	4	3	18	79	0	0	0
1.593	1	4	160	4	8	2	121	0	0	0
1.594	1	3	160	5	3	18	79	0	0	0
1.594	1	4	160	5	8	2	121	0	0	0
1.595	1	3	160	6	3	18	79	0	0	0
1.595	1	4	160	6	8	2	121	0	0	0
1.596	1	3	160	7	3	18	79	0	0	0
1.596	1	4	160	7	8	2	121	0	0	0
1.597	1	3	160	8	3	18	79	0	0	0
1.597	1	4	160	8	8	2	121	0	0	0
1.598	1	3	160	9	3	18	79	0	0	0
1.598	1	4	160	9	8	2	121	0	0	0
1.599	1	3	160	10	3	18	79	0	0	0
1.599	1	4	160	10	8	2	121	0	0	0
1.6	1	3	161	1	3	18	79	0	0	0
1.6	1	4	161	1	8	2	121	0	0	0
1.601	1	3	161	2	3	18	79	0	0	0
1.601	1	4	161	2	8	2	121	0	0	0
1.602	1	3	161	3	3	20	97	0	0	0
1.602	1	4	161	3	8	2	121	0	0	0
1.603	1	3	161	4	3	20	97	0	0	0
1.603	1	4	161	4	8	4	193	0	0	0
1.604	1	3	161	5	3	20	97	0	0	0
1.604	1	4	161	5	8	4	193	0	0	0
1.605	1	3	161	6	3	20	97	0	0	0
1.605	1	4	161	6	8	4	193	0	0	0
1.606	1	3	161	7	3	20	97	0	0	0
1.606	1	4	161	7	8	4	193	0	0	0
1.607	1	3	161	8	3	20	97	0	0	0
1.607	1	4	161	8	8	4	193	0	0	0
1.608	1	3	161	9	3	20	97	0	0	0
1.608	1	4	161	9	8	4	193	0	0	0
1.609	1	3	161	10	3	20	97	0	0	0
1.609	1	4	161	10	8	4	193	0	0	0
1.61	1	4	162	1	8	0	81	0	0	0
1.611	1	5	162	2	1	28	1836	0	0	0
1.611	1	1	162	2	2	12	97	0	0	0
1.612	1	5	162	3	1	28	1836	0	0	0
1.612	1	1	162	3	2	12	97	0	0	0
1.613	1	1	162	4	2	12	97	0	0	0
1.613	1	6	162	4	4	18	405	0	0	0
1.613	1	2	162	4	7	28	935	0	0	0
1.614	1	1	162	5	2	12	47	0	0	0
1.614	1	6	162	5	4	18	405	0	0	0
1.614	1	2	162	5	7	28	1095	0	0	0
1.615	1	1	162	6	2	12	47	0	0	0
1.615	1	6	162	6	4	18	405	0	0	0
1.615	1	2	162	6	7	28	1095	0	0	0
1.616	1	1	162	7	2	10	117	0	0	0
1.616	1	6	162	7	4	14	573	0	0	0
1.617	1	1	162	8	2	10	117	0	0	0
1.617	1	6	162	8	4	14	573	0	0	0
1.618	1	1	162	9	2	8	101	0	0	0
1.618	1	6	162	9	4	14	573	0	0	0
1.619	1	1	162	10	2	8	101	0	0	0
1.619	1	6	162	10	4	14	573	0	0	0
1.62	1	1	163	1	2	2	87	0	0	0
1.62	1	3	163	1	3	20	389	0	0	0
1.621	1	1	163	2	2	2	87	0	0	0
1.621	1	3	163	2	3	20	389	0	0	0
1.622	1	1	163	3	2	2	87	0	0	0
1.622	1	3	163	3	3	20	389	0	0	0
1.623	1	1	163	4	2	2	87	0	0	0
1.623	1	3	163	4	3	20	389	0	0	0
1.624	1	1	163	5	2	0	81	0	0	0
1.625	1	1	163	6	2	0	81	0	0	0
1.626	1	1	163	7	2	0	81	0	0	0
1.627	1	1	163	8	2	0	81	0	0	0
1.628	1	1	163	9	2	0	81	0	0	0
1.629	1	1	163	10	2	0	81	0	0	0
1.63	1	1	164	1	2	0	81	0	0	0
1.631	1	1	164	2	2	6	75	0	0	0
1.631	1	3	164	2	3	20	97	0	0	0
1.631	1	4	164	2	8	4	141	0	0	0
1.632	1	1	164	3	2	6	75	0	0	0
1.632	1	3	164	3	3	20	97	0	0	0
1.632	1	4	164	3	8	4	141	0	0	0
1.633	1	1	164	4	2	6	75	0	0	0
1.633	1	3	164	4	3	20	97	0	0	0
1.633	1	4	164	4	8	4	141	0	0	0
1.634	1	1	164	5	2	4	69	0	0	0
1.634	1	3	164	5	3	20	97	0	0	0
1.634	1	4	164	5	8	4	125	0	0	0
1.635	1	1	164	6	2	4	69	0	0	0
1.635	1	3	164	6	3	20	97	0	0	0
1.635	1	4	164	6	8	4	125	0	0	0
1.636	1	1	164	7	2	4	69	0	0	0
1.636	1	3	164	7	3	20	97	0	0	0
1.636	1	4	164	7	8	4	125	0	0	0
1.637	1	1	164	8	2	4	69	0	0	0
1.637	1	3	164	8	3	20	97	0	0	0
1.637	1	4	164	8	8	4	125	0	0	0
1.638	1	1	164	9	2	2	9	0	0	0
1.638	1	4	164	9	8	4	193	0	0	0
1.639	1	1	164	10	2	2	53	0	0	0
1.639	1	4	164	10	8	2	77	0	0	0
1.64	1	1	165	1	2	2	53	0	0	0
1.64	1	4	165	1	8	2	77	0	0	0
1.641	1	1	165	2	2	2	53	0	0	0
1.641	1	4	165	2	8	2	77	0	0	0
1.642	1	1	165	3	2	2	53	0	0	0
1.642	1	4	165	3	8	2	77	0	0	0
1.643	1	1	165	4	2	2	53	0	0	0
1.643	1	4	165	4	8	2	77	0	0	0
1.644	1	1	165	5	2	2	9	0	0	0
1.644	1	4	165	5	8	4	193	0	0	0
1.645	1	1	165	6	2	2	9	0	0	0
1.645	1	4	165	6	8	4	193	0	0	0
1.646	1	1	165	7	2	2	9	0	0	0
1.646	1	4	165	7	8	4	193	0	0	0
1.647	1	3	165	8	3	14	645	0	0	0
1.647	1	4	165	8	8	14	125	0	0	0
1.648	1	3	165	9	3	14	645	0	0	0
1.648	1	4	165	9	8	14	125	0	0	0
1.649	1	1	165	10	2	4	105	0	0	0
1.649	1	4	165	10	8	4	105	0	0	0
1.65	1	1	166	1	2	4	105	0	0	0
1.65	1	4	166	1	8	4	105	0	0	0
1.651	1	5	166	2	1	28	1287	0	0	0
1.651	1	1	166	2	2	6	101	0	0	0
1.651	1	4	166	2	8	12	47	0	0	0
1.652	1	5	166	3	1	28	1287	0	0	0
1.652	1	1	166	3	2	6	101	0	0	0
1.652	1	4	166	3	8	12	47	0	0	0
1.653	1	5	166	4	1	28	1479	0	0	0
1.653	1	1	166	4	2	6	22	0	0	0
1.653	1	4	166	4	8	14	193	0	0	0
1.654	1	1	166	5	2	6	49	0	0	0
1.654	1	2	166	5	7	28	1287	0	0	0
1.654	1	4	166	5	8	14	193	0	0	0
1.655	1	1	166	6	2	6	49	0	0	0
1.655	1	2	166	6	7	28	1287	0	0	0
1.655	1	4	166	6	8	14	193	0	0	0
1.656	1	1	166	7	2	6	49	0	0	0
1.656	1	2	166	7	7	28	1287	0	0	0
1.656	1	4	166	7	8	14	193	0	0	0
1.657	1	1	166	8	2	4	125	0	0	0
1.657	1	6	166	8	4	14	193	0	0	0
1.657	1	4	166	8	8	8	67	0	0	0
1.658	1	1	166	9	2	4	161	0	0	0
1.658	1	6	166	9	4	12	97	0	0	0
1.658	1	4	166	9	8	8	32	0	0	0
1.659	1	1	166	10	2	4	161	0	0	0
1.659	1	6	166	10	4	12	97	0	0	0
1.659	1	4	166	10	8	8	32	0	0	0
1.66	1	1	167	1	2	4	125	0	0	0
1.66	1	6	167	1	4	16	153	0	0	0
1.66	1	4	167	1	8	10	117	0	0	0
1.661	1	1	167	2	2	4	105	0	0	0
1.661	1	6	167	2	4	16	153	0	0	0
1.661	1	4	167	2	8	10	157	0	0	0
1.662	1	1	167	3	2	4	105	0	0	0
1.662	1	4	167	3	8	10	233	0	0	0
1.663	1	1	167	4	2	4	105	0	0	0
1.663	1	4	167	4	8	10	233	0	0	0
1.664	1	1	167	5	2	4	105	0	0	0
1.664	1	4	167	5	8	10	233	0	0	0
1.665	1	1	167	6	2	4	87	0	0	0
1.665	1	4	167	6	8	10	277	0	0	0
1.666	1	1	167	7	2	6	309	0	0	0
1.667	1	1	167	8	2	6	309	0	0	0
1.668	1	1	167	9	2	6	309	0	0	0
1.669	1	1	167	10	2	6	309	0	0	0
1.67	1	1	168	1	2	6	309	0	0	0
1.671	1	1	168	2	2	8	67	0	0	0
1.671	1	3	168	2	3	12	453	0	0	0
1.671	1	6	168	2	4	10	37	0	0	0
1.672	1	1	168	3	2	8	67	0	0	0
1.672	1	3	168	3	3	10	157	0	0	0
1.672	1	6	168	3	4	10	233	0	0	0
1.673	1	1	168	4	2	8	67	0	0	0
1.673	1	3	168	4	3	10	157	0	0	0
1.673	1	6	168	4	4	10	233	0	0	0
1.674	1	1	168	5	2	8	101	0	0	0
1.674	1	3	168	5	3	10	357	0	0	0
1.675	1	1	168	6	2	8	137	0	0	0
1.675	1	3	168	6	3	12	405	0	0	0
1.676	1	1	168	7	2	8	137	0	0	0
1.676	1	3	168	7	3	12	405	0	0	0
1.677	1	1	168	8	2	8	137	0	0	0
1.677	1	3	168	8	3	12	405	0	0	0
1.678	1	1	168	9	2	8	173	0	0	0
1.678	1	3	168	9	3	12	349	0	0	0
1.679	1	1	168	10	2	8	173	0	0	0
1.679	1	3	168	10	3	12	349	0	0	0
1.68	1	1	169	1	2	8	209	0	0	0
1.68	1	3	169	1	3	12	301	0	0	0
1.681	1	1	169	2	2	2	133	0	0	0
1.682	1	1	169	3	2	0	81	0	0	0
1.683	1	1	169	4	2	2	121	0	0	0
1.683	1	6	169	4	4	0	4	0	0	0
1.684	1	1	169	5	2	2	109	0	0	0
1.684	1	6	169	5	4	0	11	0	0	0
1.685	1	1	169	6	2	2	109	0	0	0
1.685	1	6	169	6	4	0	11	0	0	0
1.686	1	1	169	7	2	4	141	0	0	0
1.686	1	6	169	7	4	2	41	0	0	0
1.687	1	1	169	8	2	4	141	0	0	0
1.687	1	6	169	8	4	2	41	0	0	0
1.688	1	6	169	9	4	0	81	0	0	0
1.689	1	6	169	10	4	0	81	0	0	0
1.69	1	6	170	1	4	0	81	0	0	0
1.691	1	5	170	2	1	28	185	0	0	0
1.691	1	6	170	2	4	10	37	0	0	0
1.691	1	4	170	2	8	14	645	0	0	0
1.692	1	5	170	3	1	28	185	0	0	0
1.692	1	6	170	3	4	10	117	0	0	0
1.692	1	4	170	3	8	14	517	0	0	0
1.693	1	6	170	4	4	8	209	0	0	0
1.693	1	4	170	4	8	12	301	0	0	0
1.694	1	6	170	5	4	8	241	0	0	0
1.694	1	4	170	5	8	12	253	0	0	0
1.695	1	6	170	6	4	8	241	0	0	0
1.695	1	4	170	6	8	12	253	0	0	0
1.696	1	6	170	7	4	8	349	0	0	0
1.696	1	4	170	7	8	12	97	0	0	0
1.697	1	6	170	8	4	8	349	0	0	0
1.697	1	4	170	8	8	12	97	0	0	0
1.698	1	6	170	9	4	8	389	0	0	0
1.698	1	4	170	9	8	12	47	0	0	0
1.699	1	6	170	10	4	10	317	0	0	0
1.699	1	4	170	10	8	14	253	0	0	0
1.7	1	6	171	1	4	10	437	0	0	0
1.7	1	4	171	1	8	14	61	0	0	0
1.701	1	6	171	2	4	10	437	0	0	0
1.701	1	4	171	2	8	14	61	0	0	0
1.702	1	6	171	3	4	10	77	0	0	0
1.702	1	4	171	3	8	16	775	0	0	0
1.703	1	6	171	4	4	10	469	0	0	0
1.704	1	6	171	5	4	10	469	0	0	0
1.705	1	6	171	6	4	10	469	0	0	0
1.706	1	5	171	7	1	28	1095	0	0	0
1.706	1	6	171	7	4	12	301	0	0	0
1.707	1	5	171	8	1	28	2196	0	0	0
1.708	1	2	171	9	7	28	2196	0	0	0
1.709	1	2	171	10	7	28	2196	0	0	0
1.71	1	1	172	1	2	0	26	0	0	0
1.71	1	3	172	1	3	2	87	0	0	0
1.711	1	1	172	2	2	0	26	0	0	0
1.711	1	3	172	2	3	2	87	0	0	0
1.712	1	1	172	3	2	2	9	0	0	0
1.712	1	3	172	3	3	2	121	0	0	0
1.713	1	1	172	4	2	2	9	0	0	0
1.713	1	3	172	4	3	2	121	0	0	0
1.714	1	1	172	5	2	2	9	0	0	0
1.714	1	3	172	5	3	4	193	0	0	0
1.715	1	1	172	6	2	2	9	0	0	0
1.715	1	3	172	6	3	4	193	0	0	0
1.716	1	1	172	7	2	12	47	0	0	0
1.716	1	3	172	7	3	6	285	0	0	0
1.717	1	1	172	8	2	12	47	0	0	0
1.717	1	3	172	8	3	6	285	0	0	0
1.718	1	1	172	9	2	12	47	0	0	0
1.718	1	3	172	9	3	8	389	0	0	0
1.719	1	1	172	10	2	12	47	0	0	0
1.719	1	3	172	10	3	8	389	0	0	0
1.72	1	1	173	1	2	12	47	0	0	0
1.72	1	3	173	1	3	10	437	0	0	0
1.721	1	1	173	2	2	12	47	0	0	0
1.721	1	3	173	2	3	10	437	0	0	0
1.722	1	1	173	3	2	0	26	0	0	0
1.722	1	3	173	3	3	14	517	0	0	0
1.723	1	1	173	4	2	0	81	0	0	0
1.724	1	1	173	5	2	0	81	0	0	0
1.725	1	1	173	6	2	0	81	0	0	0
1.726	1	1	173	7	2	0	81	0	0	0
1.727	1	1	173	8	2	0	81	0	0	0
1.728	1	1	173	9	2	0	81	0	0	0
1.729	1	1	173	10	2	0	81	0	0	0
1.73	1	1	174	1	2	0	81	0	0	0
1.731	1	1	174	2	2	8	101	0	0	0
1.731	1	6	174	2	4	22	233	0	0	0
1.731	1	4	174	2	8	16	533	0	0	0
1.732	1	1	174	3	2	8	101	0	0	0
1.732	1	6	174	3	4	22	233	0	0	0
1.732	1	4	174	3	8	16	533	0	0	0
1.733	1	1	174	4	2	8	101	0	0	0
1.733	1	6	174	4	4	22	349	0	0	0
1.733	1	4	174	4	8	16	453	0	0	0
1.734	1	1	174	5	2	8	101	0	0	0
1.734	1	6	174	5	4	22	349	0	0	0
1.734	1	4	174	5	8	16	453	0	0	0
1.735	1	1	174	6	2	8	101	0	0	0
1.735	1	6	174	6	4	22	469	0	0	0
1.735	1	4	174	6	8	16	389	0	0	0
1.736	1	1	174	7	2	8	67	0	0	0
1.736	1	6	174	7	4	22	469	0	0	0
1.736	1	4	174	7	8	16	453	0	0	0
1.737	1	1	174	8	2	6	75	0	0	0
1.737	1	6	174	8	4	22	469	0	0	0
1.737	1	4	174	8	8	16	389	0	0	0
1.738	1	1	174	9	2	8	67	0	0	0
1.738	1	6	174	9	4	22	1143	0	0	0
1.739	1	5	174	10	1	28	1095	0	0	0
1.739	1	1	174	10	2	4	105	0	0	0
1.74	1	5	175	1	1	28	1095	0	0	0
1.74	1	1	175	1	2	4	105	0	0	0
1.741	1	5	175	2	1	28	1095	0	0	0
1.741	1	1	175	2	2	4	105	0	0	0
1.742	1	1	175	3	2	4	105	0	0	0
1.742	1	2	175	3	7	28	1095	0	0	0
1.743	1	1	175	4	2	4	105	0	0	0
1.743	1	2	175	4	7	26	903	0	0	0
1.744	1	1	175	5	2	4	105	0	0	0
1.744	1	2	175	5	7	26	903	0	0	0
1.745	1	1	175	6	2	4	105	0	0	0
1.745	1	2	175	6	7	22	693	0	0	0
1.746	1	1	175	7	2	0	81	0	0	0
1.747	1	1	175	8	2	0	81	0	0	0
1.748	1	1	175	9	2	0	81	0	0	0
1.749	1	1	175	10	2	0	81	0	0	0
1.75	1	1	176	1	2	0	81	0	0	0
1.751	1	1	176	2	2	6	49	0	0	0
1.751	1	3	176	2	3	16	775	0	0	0
1.752	1	1	176	3	2	6	49	0	0	0
1.752	1	3	176	3	3	16	775	0	0	0
1.753	1	1	176	4	2	6	75	0	0	0
1.753	1	3	176	4	3	16	693	0	0	0
1.754	1	1	176	5	2	6	22	0	0	0
1.754	1	3	176	5	3	14	717	0	0	0
1.755	1	1	176	6	2	6	22	0	0	0
1.755	1	3	176	6	3	14	717	0	0	0
1.756	1	1	176	7	2	0	81	0	0	0
1.757	1	1	176	8	2	0	81	0	0	0
1.758	1	1	176	9	2	0	81	0	0	0
1.759	1	1	176	10	2	0	81	0	0	0
1.76	1	1	177	1	2	0	81	0	0	0
1.761	1	1	177	2	2	0	81	0	0	0
1.762	1	1	177	3	2	0	81	0	0	0
1.763	1	1	177	4	2	0	81	0	0	0
1.764	1	1	177	5	2	0	81	0	0	0
1.765	1	1	177	6	2	0	81	0	0	0
1.766	1	1	177	7	2	0	81	0	0	0
1.767	1	1	177	8	2	0	81	0	0	0
1.768	1	1	177	9	2	0	81	0	0	0
1.769	1	1	177	10	2	0	81	0	0	0
1.77	1	1	178	1	2	0	81	0	0	0
1.771	1	6	178	2	4	22	573	0	0	0
1.771	1	4	178	2	8	16	533	0	0	0
1.772	1	6	178	3	4	20	501	0	0	0
1.772	1	4	178	3	8	16	533	0	0	0
1.773	1	6	178	4	4	20	389	0	0	0
1.773	1	4	178	4	8	16	621	0	0	0
1.774	1	6	178	5	4	20	501	0	0	0
1.774	1	4	178	5	8	18	573	0	0	0
1.775	1	6	178	6	4	20	501	0	0	0
1.775	1	4	178	6	8	18	573	0	0	0
1.776	1	6	178	7	4	20	501	0	0	0
1.776	1	4	178	7	8	18	573	0	0	0
1.777	1	5	178	8	1	28	549	0	0	0
1.777	1	6	178	8	4	20	903	0	0	0
1.778	1	5	178	9	1	28	1479	0	0	0
1.778	1	1	178	9	2	4	69	0	0	0
1.779	1	5	178	10	1	28	1479	0	0	0
1.779	1	1	178	10	2	4	69	0	0	0
1.78	1	1	179	1	2	4	69	0	0	0
1.78	1	2	179	1	7	28	1479	0	0	0
1.781	1	1	179	2	2	4	69	0	0	0
1.781	1	2	179	2	7	28	1479	0	0	0
1.782	1	1	179	3	2	0	47	0	0	0
1.782	1	2	179	3	7	28	935	0	0	0
1.783	1	1	179	4	2	0	81	0	0	0
1.784	1	1	179	5	2	0	81	0	0	0
1.785	1	1	179	6	2	0	81	0	0	0
1.786	1	1	179	7	2	0	81	0	0	0
1.787	1	1	179	8	2	0	81	0	0	0
1.788	1	1	179	9	2	0	81	0	0	0
1.789	1	1	179	10	2	0	81	0	0	0
1.79	1	1	180	1	2	0	81	0	0	0
1.791	1	1	180	2	2	4	87	0	0	0
1.791	1	3	180	2	3	16	533	0	0	0
1.792	1	1	180	3	2	4	87	0	0	0
1.792	1	3	180	3	3	16	533	0	0	0
1.793	1	1	180	4	2	4	87	0	0	0
1.793	1	3	180	4	3	16	533	0	0	0
1.794	1	1	180	5	2	4	87	0	0	0
1.794	1	3	180	5	3	16	533	0	0	0
1.795	1	1	180	6	2	4	87	0	0	0
1.795	1	3	180	6	3	16	533	0	0	0
1.796	1	1	180	7	2	4	161	0	0	0
1.796	1	3	180	7	3	14	193	0	0	0
1.797	1	1	180	8	2	4	161	0	0	0
1.797	1	3	180	8	3	14	193	0	0	0
1.798	1	1	180	9	2	4	161	0	0	0
1.798	1	3	180	9	3	14	193	0	0	0
1.799	1	1	180	10	2	2	133	0	0	0
1.8	1	1	181	1	2	2	133	0	0	0
1.801	1	1	181	2	2	2	133	0	0	0
1.802	1	1	181	3	2	4	217	0	0	0
1.803	1	1	181	4	2	4	217	0	0	0
1.804	1	1	181	5	2	4	217	0	0	0
1.805	1	1	181	6	2	4	217	0	0	0
1.806	1	1	181	7	2	4	217	0	0	0
1.807	1	1	181	8	2	4	217	0	0	0
1.808	1	1	181	9	2	4	217	0	0	0
1.809	1	1	181	10	2	4	217	0	0	0
1.81	1	1	182	1	2	4	217	0	0	0
1.811	1	4	182	2	8	20	1191	0	0	0
1.812	1	4	182	3	8	20	1191	0	0	0
1.813	1	4	182	4	8	20	1191	0	0	0
1.814	1	5	182	5	1	28	1095	0	0	0
1.814	1	1	182	5	2	8	173	0	0	0
1.814	1	6	182	5	4	18	79	0	0	0
1.815	1	5	182	6	1	28	1095	0	0	0
1.815	1	1	182	6	2	8	173	0	0	0
1.815	1	6	182	6	4	18	79	0	0	0
1.816	1	5	182	7	1	28	1095	0	0	0
1.816	1	1	182	7	2	8	173	0	0	0
1.816	1	6	182	7	4	18	79	0	0	0
1.817	1	1	182	8	2	8	173	0	0	0
1.817	1	6	182	8	4	18	79	0	0	0
1.817	1	2	182	8	7	28	1095	0	0	0
1.818	1	1	182	9	2	8	173	0	0	0
1.818	1	6	182	9	4	18	79	0	0	0
1.818	1	2	182	9	7	28	1095	0	0	0
1.819	1	1	182	10	2	8	173	0	0	0
1.819	1	6	182	10	4	18	79	0	0	0
1.819	1	2	182	10	7	28	1095	0	0	0
1.82	1	1	183	1	2	2	32	0	0	0
1.82	1	6	183	1	4	10	357	0	0	0
1.821	1	1	183	2	2	2	32	0	0	0
1.821	1	6	183	2	4	10	357	0	0	0
1.822	1	1	183	3	2	2	32	0	0	0
1.822	1	6	183	3	4	10	357	0	0	0
1.823	1	1	183	4	2	2	32	0	0	0
1.823	1	6	183	4	4	10	357	0	0	0
1.824	1	1	183	5	2	2	121	0	0	0
1.824	1	6	183	5	4	4	15	0	0	0
1.825	1	1	183	6	2	2	121	0	0	0
1.825	1	6	183	6	4	4	15	0	0	0
1.826	1	1	183	7	2	2	22	0	0	0
1.826	1	6	183	7	4	8	349	0	0	0
1.827	1	1	183	8	2	2	22	0	0	0
1.827	1	6	183	8	4	8	349	0	0	0
1.828	1	1	183	9	2	2	9	0	0	0
1.828	1	6	183	9	4	8	389	0	0	0
1.829	1	1	183	10	2	2	9	0	0	0
1.829	1	6	183	10	4	8	389	0	0	0
1.83	1	1	184	1	2	0	81	0	0	0
1.831	1	1	184	2	2	8	241	0	0	0
1.831	1	3	184	2	3	12	253	0	0	0
1.832	1	1	184	3	2	8	241	0	0	0
1.832	1	3	184	3	3	12	253	0	0	0
1.833	1	1	184	4	2	8	241	0	0	0
1.833	1	3	184	4	3	12	253	0	0	0
1.834	1	1	184	5	2	8	241	0	0	0
1.834	1	3	184	5	3	12	253	0	0	0
1.835	1	1	184	6	2	8	241	0	0	0
1.835	1	3	184	6	3	12	253	0	0	0
1.836	1	1	184	7	2	8	241	0	0	0
1.836	1	3	184	7	3	12	253	0	0	0
1.837	1	1	184	8	2	8	241	0	0	0
1.837	1	3	184	8	3	12	253	0	0	0
1.838	1	1	184	9	2	8	241	0	0	0
1.838	1	3	184	9	3	12	253	0	0	0
1.839	1	1	184	10	2	8	241	0	0	0
1.839	1	3	184	10	3	12	253	0	0	0
1.84	1	1	185	1	2	8	241	0	0	0
1.84	1	3	185	1	3	14	317	0	0	0
1.841	1	3	185	2	3	12	597	0	0	0
1.842	1	4	185	3	8	22	1383	0	0	0
1.843	1	6	185	4	4	22	349	0	0	0
1.843	1	4	185	4	8	24	1191	0	0	0
1.844	1	5	185	5	1	28	549	0	0	0
1.844	1	6	185	5	4	16	693	0	0	0
1.845	1	5	185	6	1	28	549	0	0	0
1.845	1	6	185	6	4	16	693	0	0	0
1.846	1	5	185	7	1	28	2196	0	0	0
1.847	1	2	185	8	7	24	1620	0	0	0
1.851	1	4	186	2	8	22	1383	0	0	0
1.852	1	6	186	3	4	24	269	0	0	0
1.852	1	4	186	3	8	22	1143	0	0	0
1.853	1	1	186	4	2	8	67	0	0	0
1.853	1	3	186	4	3	14	253	0	0	0
1.853	1	6	186	4	4	20	597	0	0	0
1.854	1	1	186	5	2	8	32	0	0	0
1.854	1	3	186	5	3	14	253	0	0	0
1.854	1	6	186	5	4	20	693	0	0	0
1.855	1	1	186	6	2	8	209	0	0	0
1.855	1	3	186	6	3	14	389	0	0	0
1.856	1	1	186	7	2	8	173	0	0	0
1.856	1	3	186	7	3	14	453	0	0	0
1.857	1	1	186	8	2	8	173	0	0	0
1.857	1	3	186	8	3	14	453	0	0	0
1.858	1	5	186	9	1	28	1479	0	0	0
1.858	1	1	186	9	2	8	137	0	0	0
1.859	1	5	186	10	1	28	549	0	0	0
1.859	1	1	186	10	2	6	129	0	0	0
1.859	1	2	186	10	7	28	749	0	0	0
1.86	1	1	187	1	2	6	129	0	0	0
1.86	1	2	187	1	7	28	1287	0	0	0
1.861	1	1	187	2	2	4	217	0	0	0
1.862	1	1	187	3	2	2	133	0	0	0
1.863	1	1	187	4	2	2	133	0	0	0
1.864	1	1	187	5	2	6	185	0	0	0
1.871	1	3	188	2	3	16	225	0	0	0
1.871	1	6	188	2	4	20	693	0	0	0
1.871	1	4	188	2	8	18	161	0	0	0
1.872	1	3	188	3	3	16	225	0	0	0
1.872	1	6	188	3	4	20	597	0	0	0
1.872	1	4	188	3	8	18	241	0	0	0
1.873	1	3	188	4	3	16	225	0	0	0
1.873	1	6	188	4	4	20	597	0	0	0
1.873	1	4	188	4	8	18	241	0	0	0
1.874	1	3	188	5	3	16	225	0	0	0
1.874	1	4	188	5	8	18	749	0	0	0
1.875	1	3	188	6	3	16	225	0	0	0
1.875	1	4	188	6	8	18	749	0	0	0
1.876	1	5	188	7	1	28	549	0	0	0
1.876	1	3	188	7	3	14	573	0	0	0
1.877	1	5	188	8	1	28	1692	0	0	0
1.877	1	1	188	8	2	8	101	0	0	0
1.878	1	1	188	9	2	8	101	0	0	0
1.878	1	2	188	9	7	28	1692	0	0	0
1.879	1	1	188	10	2	0	81	0	0	0
1.88	1	1	189	1	2	0	81	0	0	0
1.881	1	1	189	2	2	0	81	0	0	0
1.882	1	1	189	3	2	0	81	0	0	0
1.883	1	1	189	4	2	0	81	0	0	0
1.884	1	1	189	5	2	0	81	0	0	0
1.885	1	1	189	6	2	0	81	0	0	0
1.886	1	1	189	7	2	0	81	0	0	0
1.887	1	1	189	8	2	0	81	0	0	0
1.888	1	1	189	9	2	0	81	0	0	0
1.889	1	1	189	10	2	0	81	0	0	0
1.89	1	1	190	1	2	0	81	0	0	0
1.891	1	1	190	2	2	0	81	0	0	0
1.892	1	1	190	3	2	0	81	0	0	0
1.893	1	1	190	4	2	0	81	0	0	0
1.894	1	1	190	5	2	0	81	0	0	0
1.895	1	1	190	6	2	0	81	0	0	0
1.896	1	1	190	7	2	0	81	0	0	0
1.897	1	1	190	8	2	0	81	0	0	0
1.898	1	1	190	9	2	0	81	0	0	0
1.899	1	1	190	10	2	0	81	0	0	0
1.9	1	1	191	1	2	0	81	0	0	0
1.901	1	1	191	2	2	0	81	0	0	0
1.902	1	1	191	3	2	0	81	0	0	0
1.903	1	1	191	4	2	0	81	0	0	0
1.904	1	1	191	5	2	0	81	0	0	0
1.905	1	1	191	6	2	0	81	0	0	0
1.906	1	1	191	7	2	0	81	0	0	0
1.907	1	1	191	8	2	0	81	0	0	0
1.908	1	1	191	9	2	0	81	0	0	0
1.909	1	1	191	10	2	0	81	0	0	0
1.91	1	1	192	1	2	0	81	0	0	0
1.911	1	5	192	2	1	28	935	0	0	0
1.911	1	1	192	2	2	8	241	0	0	0
1.912	1	5	192	3	1	28	935	0	0	0
1.912	1	1	192	3	2	8	241	0	0	0
1.913	1	5	192	4	1	28	935	0	0	0
1.913	1	1	192	4	2	8	241	0	0	0
1.914	1	5	192	5	1	28	935	0	0	0
1.914	1	1	192	5	2	8	241	0	0	0
1.915	1	1	192	6	2	8	241	0	0	0
1.915	1	2	192	6	7	28	935	0	0	0
1.916	1	1	192	7	2	8	277	0	0	0
1.916	1	2	192	7	7	28	749	0	0	0
1.917	1	1	192	8	2	8	277	0	0	0
1.917	1	2	192	8	7	28	749	0	0	0
1.918	1	1	192	9	2	8	277	0	0	0
1.918	1	2	192	9	7	28	549	0	0	0
1.918	1	4	192	9	8	18	79	0	0	0
1.919	1	6	192	10	4	6	22	0	0	0
1.919	1	2	192	10	7	28	749	0	0	0
1.919	1	4	192	10	8	6	185	0	0	0
1.92	1	6	193	1	4	8	209	0	0	0
1.92	1	4	193	1	8	6	153	0	0	0
1.921	1	6	193	2	4	8	67	0	0	0
1.921	1	4	193	2	8	8	349	0	0	0
1.922	1	6	193	3	4	10	233	0	0	0
1.922	1	4	193	3	8	8	209	0	0	0
1.923	1	6	193	4	4	10	233	0	0	0
1.923	1	4	193	4	8	8	209	0	0	0
1.924	1	3	193	5	3	8	32	0	0	0
1.924	1	6	193	5	4	10	193	0	0	0
1.924	1	4	193	5	8	8	209	0	0	0
1.925	1	3	193	6	3	8	32	0	0	0
1.925	1	6	193	6	4	10	193	0	0	0
1.925	1	4	193	6	8	8	209	0	0	0
1.926	1	6	193	7	4	12	301	0	0	0
1.926	1	4	193	7	8	8	209	0	0	0
1.927	1	6	193	8	4	12	301	0	0	0
1.927	1	4	193	8	8	8	209	0	0	0
1.928	1	6	193	9	4	14	389	0	0	0
1.928	1	4	193	9	8	8	209	0	0	0
1.929	1	6	193	10	4	14	389	0	0	0
1.929	1	4	193	10	8	10	233	0	0	0
1.93	1	6	194	1	4	14	389	0	0	0
1.93	1	4	194	1	8	10	233	0	0	0
1.931	1	3	194	2	3	8	137	0	0	0
1.931	1	6	194	2	4	14	125	0	0	0
1.931	1	4	194	2	8	10	233	0	0	0
1.932	1	3	194	3	3	6	129	0	0	0
1.932	1	6	194	3	4	12	97	0	0	0
1.932	1	4	194	3	8	12	253	0	0	0
1.933	1	3	194	4	3	6	101	0	0	0
1.933	1	6	194	4	4	12	97	0	0	0
1.933	1	4	194	4	8	14	389	0	0	0
1.934	1	3	194	5	3	8	137	0	0	0
1.934	1	6	194	5	4	14	193	0	0	0
1.934	1	4	194	5	8	14	317	0	0	0
1.935	1	3	194	6	3	8	137	0	0	0
1.935	1	6	194	6	4	14	193	0	0	0
1.935	1	4	194	6	8	14	317	0	0	0
1.936	1	3	194	7	3	8	173	0	0	0
1.936	1	6	194	7	4	14	125	0	0	0
1.936	1	4	194	7	8	14	317	0	0	0
1.937	1	3	194	8	3	8	173	0	0	0
1.937	1	6	194	8	4	14	125	0	0	0
1.937	1	4	194	8	8	14	317	0	0	0
1.938	1	3	194	9	3	2	97	0	0	0
1.938	1	6	194	9	4	4	51	0	0	0
1.939	1	3	194	10	3	2	97	0	0	0
1.939	1	6	194	10	4	4	51	0	0	0
1.94	1	3	195	1	3	2	109	0	0	0
1.94	1	6	195	1	4	6	49	0	0	0
1.941	1	3	195	2	3	2	109	0	0	0
1.941	1	6	195	2	4	6	49	0	0	0
1.942	1	3	195	3	3	6	233	0	0	0
1.942	1	6	195	3	4	8	101	0	0	0
1.943	1	3	195	4	3	6	233	0	0	0
1.943	1	6	195	4	4	8	101	0	0	0
1.944	1	3	195	5	3	4	177	0	0	0
1.944	1	6	195	5	4	8	67	0	0	0
1.945	1	3	195	6	3	4	177	0	0	0
1.945	1	6	195	6	4	8	67	0	0	0
1.946	1	3	195	7	3	6	261	0	0	0
1.946	1	6	195	7	4	8	67	0	0	0
1.947	1	3	195	8	3	6	261	0	0	0
1.947	1	6	195	8	4	8	67	0	0	0
1.948	1	3	195	9	3	6	261	0	0	0
1.948	1	6	195	9	4	10	77	0	0	0
1.949	1	3	195	10	3	6	261	0	0	0
1.949	1	6	195	10	4	10	77	0	0	0
1.95	1	3	196	1	3	0	81	0	0	0
1.951	1	5	196	2	1	28	185	0	0	0
1.951	1	1	196	2	2	8	241	0	0	0
1.951	1	3	196	2	3	14	253	0	0	0
1.952	1	5	196	3	1	28	185	0	0	0
1.952	1	1	196	3	2	8	241	0	0	0
1.952	1	3	196	3	3	14	253	0	0	0
1.953	1	5	196	4	1	28	185	0	0	0
1.953	1	1	196	4	2	8	241	0	0	0
1.953	1	3	196	4	3	14	253	0	0	0
1.954	1	1	196	5	2	8	241	0	0	0
1.954	1	3	196	5	3	14	317	0	0	0
1.955	1	1	196	6	2	8	241	0	0	0
1.955	1	3	196	6	3	14	317	0	0	0
1.956	1	1	196	7	2	8	241	0	0	0
1.956	1	3	196	7	3	14	317	0	0	0
1.957	1	1	196	8	2	8	241	0	0	0
1.957	1	3	196	8	3	14	317	0	0	0
1.958	1	5	196	9	1	28	185	0	0	0
1.958	1	1	196	9	2	8	209	0	0	0
1.958	1	3	196	9	3	14	317	0	0	0
1.959	1	5	196	10	1	28	185	0	0	0
1.959	1	1	196	10	2	8	209	0	0	0
1.959	1	3	196	10	3	14	317	0	0	0
1.96	1	5	197	1	1	28	185	0	0	0
1.96	1	1	197	1	2	8	209	0	0	0
1.96	1	3	197	1	3	14	317	0	0	0
1.961	1	5	197	2	1	28	373	0	0	0
1.961	1	1	197	2	2	8	349	0	0	0
1.962	1	5	197	3	1	28	373	0	0	0
1.962	1	1	197	3	2	8	349	0	0	0
1.963	1	5	197	4	1	28	373	0	0	0
1.963	1	1	197	4	2	8	349	0	0	0
1.964	1	5	197	5	1	28	2196	0	0	0
1.965	1	2	197	6	7	28	2196	0	0	0
1.966	1	2	197	7	7	28	2196	0	0	0
1.967	1	6	197	8	4	14	717	0	0	0
1.967	1	4	197	8	8	14	61	0	0	0
1.968	1	6	197	9	4	18	807	0	0	0
1.968	1	4	197	9	8	14	125	0	0	0
1.969	1	6	197	10	4	14	125	0	0	0
1.969	1	4	197	10	8	4	177	0	0	0
1.97	1	4	198	1	8	4	217	0	0	0
1.971	1	4	198	2	8	4	217	0	0	0
1.972	1	4	198	3	8	4	217	0	0	0
1.973	1	4	198	4	8	4	217	0	0	0
1.974	1	4	198	5	8	4	217	0	0	0
1.975	1	4	198	6	8	4	217	0	0	0
1.976	1	4	198	7	8	4	217	0	0	0
1.977	1	4	198	8	8	6	309	0	0	0
1.978	1	4	198	9	8	6	309	0	0	0
1.979	1	4	198	10	8	6	309	0	0	0
1.98	1	4	199	1	8	6	309	0	0	0
1.981	1	1	199	2	2	8	32	0	0	0
1.981	1	3	199	2	3	14	453	0	0	0
1.981	1	6	199	2	4	16	309	0	0	0
1.982	1	1	199	3	2	8	32	0	0	0
1.982	1	3	199	3	3	14	453	0	0	0
1.982	1	6	199	3	4	16	309	0	0	0
1.983	1	1	199	4	2	8	32	0	0	0
1.983	1	3	199	4	3	16	309	0	0	0
1.983	1	6	199	4	4	16	533	0	0	0
1.984	1	1	199	5	2	8	32	0	0	0
1.984	1	3	199	5	3	14	453	0	0	0
1.984	1	6	199	5	4	16	309	0	0	0
1.985	1	5	199	6	1	28	549	0	0	0
1.985	1	1	199	6	2	8	32	0	0	0
1.985	1	6	199	6	4	16	621	0	0	0
1.986	1	5	199	7	1	28	1692	0	0	0
1.986	1	1	199	7	2	8	101	0	0	0
1.987	1	1	199	8	2	8	101	0	0	0
1.987	1	2	199	8	7	28	1692	0	0	0
1.988	1	1	199	9	2	0	81	0	0	0
1.989	1	1	199	10	2	0	81	0	0	0
1.99	1	1	200	1	2	0	81	0	0	0
1.991	1	1	200	2	2	0	81	0	0	0
1.992	1	1	200	3	2	0	81	0	0	0
1.993	1	1	200	4	2	0	81	0	0	0
1.994	1	1	200	5	2	0	81	0	0	0
1.995	1	1	200	6	2	0	81	0	0	0
1.996	1	1	200	7	2	0	81	0	0	0
1.997	1	1	200	8	2	0	81	0	0	0
1.998	1	1	200	9	2	0	81	0	0	0
1.999	1	1	200	10	2	0	81	0	0	0
