% time	cellId	IMSI	frame	sframe	RNTI	mcs	size	ccId
0.219	1	5	22	10	1	28	2292	0
0.22	1	2	23	1	7	28	2292	0
0.221	1	3	23	2	3	2	65	0
0.221	1	4	23	2	8	8	209	0
0.224	1	3	23	5	3	2	65	0
0.225	1	2	23	6	7	28	749	0
0.225	1	4	23	6	8	10	157	0
0.226	1	3	23	7	3	2	41	0
0.226	1	4	23	7	8	10	157	0
0.227	1	3	23	8	3	2	41	0
0.227	1	4	23	8	8	10	157	0
0.228	1	4	23	9	8	12	201	0
0.237	1	3	24	8	3	2	41	0
0.237	1	6	24	8	4	4	69	0
0.239	1	5	24	10	1	28	749	0
0.239	1	2	24	10	7	28	749	0
0.24	1	5	25	1	1	28	749	0
0.24	1	2	25	1	7	28	749	0
0.241	1	3	25	2	3	2	41	0
0.241	1	4	25	2	8	12	201	0
0.242	1	1	25	3	2	4	51	0
0.242	1	4	25	3	8	12	149	0
0.243	1	4	25	4	8	12	201	0
0.244	1	1	25	5	2	4	51	0
0.244	1	6	25	5	4	10	117	0
0.244	1	4	25	5	8	12	149	0
0.245	1	1	25	6	2	4	69	0
0.245	1	4	25	6	8	12	201	0
0.246	1	1	25	7	2	4	105	0
0.246	1	3	25	7	3	2	65	0
0.247	1	1	25	8	2	4	225	0
0.248	1	1	25	9	2	4	225	0
0.249	1	1	25	10	2	4	225	0
0.259	1	5	26	10	1	28	2292	0
0.26	1	2	27	1	7	26	1908	0
0.261	1	4	27	2	8	10	157	0
0.261	1	1	27	2	2	4	69	0
0.261	1	3	27	2	3	4	69	0
0.262	1	4	27	3	8	10	157	0
0.262	1	1	27	3	2	4	69	0
0.262	1	3	27	3	3	4	69	0
0.263	1	4	27	4	8	10	157	0
0.263	1	1	27	4	2	4	69	0
0.263	1	3	27	4	3	4	69	0
0.264	1	4	27	5	8	10	157	0
0.264	1	1	27	5	2	4	69	0
0.264	1	3	27	5	3	4	69	0
0.265	1	1	27	6	2	4	69	0
0.265	1	6	27	6	4	14	253	0
0.266	1	1	27	7	2	4	69	0
0.266	1	6	27	7	4	14	253	0
0.267	1	1	27	8	2	4	69	0
0.267	1	6	27	8	4	14	253	0
0.268	1	1	27	9	2	4	69	0
0.268	1	6	27	9	4	14	253	0
0.269	1	6	27	10	4	10	233	0
0.27	1	6	28	1	4	10	233	0
0.279	1	2	28	10	7	20	597	0
0.28	1	5	29	1	1	28	1095	0
0.281	1	4	29	2	8	10	157	0
0.281	1	1	29	2	2	6	101	0
0.281	1	3	29	2	3	2	41	0
0.282	1	4	29	3	8	10	233	0
0.282	1	1	29	3	2	6	153	0
0.283	1	4	29	4	8	10	157	0
0.283	1	1	29	4	2	6	101	0
0.283	1	6	29	4	4	12	201	0
0.284	1	1	29	5	2	4	105	0
0.284	1	6	29	5	4	8	209	0
0.285	1	1	29	6	2	4	105	0
0.285	1	6	29	6	4	8	209	0
0.286	1	1	29	7	2	4	105	0
0.286	1	6	29	7	4	8	209	0
0.287	1	1	29	8	2	4	225	0
0.288	1	1	29	9	2	4	105	0
0.319	1	2	32	10	7	28	1095	0
0.32	1	5	33	1	1	28	1095	0
0.321	1	5	33	2	1	28	1095	0
0.322	1	2	33	3	7	28	1095	0
0.323	1	3	33	4	3	0	41	0
0.323	1	4	33	4	8	6	153	0
0.327	1	3	33	8	3	0	41	0
0.327	1	4	33	8	8	6	153	0
0.328	1	3	33	9	3	0	41	0
0.329	1	3	33	10	3	0	41	0
0.33	1	3	34	1	3	2	65	0
0.331	1	6	34	2	4	8	209	0
0.334	1	6	34	5	4	8	209	0
0.335	1	6	34	6	4	8	209	0
0.336	1	6	34	7	4	8	209	0
0.337	1	6	34	8	4	8	209	0
0.338	1	6	34	9	4	8	209	0
0.339	1	4	34	10	8	2	65	0
0.339	1	5	34	10	1	22	693	0
0.34	1	2	35	1	7	18	999	0
0.35	1	4	36	1	8	4	105	0
0.35	1	3	36	1	3	2	65	0
0.351	1	3	36	2	3	2	137	0
0.352	1	3	36	3	3	2	137	0
0.353	1	3	36	4	3	2	137	0
0.354	1	3	36	5	3	2	137	0
0.355	1	3	36	6	3	2	137	0
0.356	1	3	36	7	3	2	137	0
0.357	1	3	36	8	3	2	137	0
0.359	1	2	36	10	7	14	807	0
0.361	1	5	37	2	1	18	325	0
0.362	1	1	37	3	2	2	65	0
0.363	1	1	37	4	2	2	65	0
0.364	1	1	37	5	2	0	26	0
0.364	1	6	37	5	4	14	253	0
0.365	1	1	37	6	2	0	26	0
0.365	1	6	37	6	4	14	253	0
0.366	1	1	37	7	2	0	26	0
0.366	1	6	37	7	4	14	253	0
0.367	1	1	37	8	2	0	26	0
0.367	1	6	37	8	4	14	253	0
0.368	1	4	37	9	8	10	117	0
0.368	1	1	37	9	2	0	19	0
0.368	1	3	37	9	3	4	51	0
0.368	1	6	37	9	4	14	193	0
0.369	1	1	37	10	2	0	26	0
0.369	1	3	37	10	3	4	69	0
0.369	1	6	37	10	4	14	253	0
0.37	1	6	38	1	4	2	137	0
0.371	1	6	38	2	4	2	137	0
0.399	1	3	40	10	3	6	101	0
0.4	1	3	41	1	3	6	101	0
0.401	1	3	41	2	3	6	101	0
0.402	1	1	41	3	2	2	41	0
0.402	1	3	41	3	3	6	101	0
0.403	1	3	41	4	3	8	209	0
0.404	1	3	41	5	3	8	209	0
0.405	1	3	41	6	3	8	209	0
0.406	1	3	41	7	3	8	209	0
0.41	1	2	42	1	7	26	903	0
0.411	1	5	42	2	1	28	1095	0
0.412	1	2	42	3	7	26	903	0
0.413	1	5	42	4	1	28	1095	0
0.414	1	4	42	5	8	0	41	0
0.415	1	4	42	6	8	0	41	0
0.416	1	4	42	7	8	0	41	0
0.438	1	1	44	9	2	2	41	0
0.439	1	4	44	10	8	4	69	0
0.44	1	4	45	1	8	4	69	0
0.441	1	4	45	2	8	4	69	0
0.442	1	4	45	3	8	4	69	0
0.443	1	4	45	4	8	4	69	0
0.443	1	3	45	4	3	8	137	0
0.444	1	4	45	5	8	2	65	0
0.444	1	6	45	5	4	12	301	0
0.447	1	4	45	8	8	2	65	0
0.447	1	3	45	8	3	10	233	0
0.448	1	3	45	9	3	6	325	0
0.449	1	3	45	10	3	6	325	0
0.45	1	2	46	1	7	22	693	0
0.45	1	3	46	1	3	10	233	0
0.451	1	2	46	2	7	22	1431	0
0.452	1	2	46	3	7	22	1431	0
0.453	1	5	46	4	1	28	2292	0
0.46	1	1	47	1	2	0	41	0
0.46	1	5	47	1	1	28	1095	0
0.469	1	1	47	10	2	0	41	0
0.478	1	1	48	9	2	0	41	0
0.479	1	3	48	10	3	6	153	0
0.479	1	6	48	10	4	14	389	0
0.48	1	6	49	1	4	8	437	0
0.481	1	6	49	2	4	8	437	0
0.482	1	6	49	3	4	8	437	0
0.483	1	6	49	4	4	8	437	0
0.499	1	3	50	10	3	2	65	0
0.499	1	6	50	10	4	12	301	0
